[0.03 reward per frame] Best Model in generation 49, with a score of 5.740000 
[-0.06577154514723, 0.20113280810924, -0.22135565001753, 0.27574767208093, -0.20639415278195, 0.10328549427245, -0.02929240650704, 0.06903995027688, 0.11296279004622, 0.09237929184199, -0.26048229951592, 0.08014330302609, 0.18090876199888, -0.16251198377296, -0.16184344218217, 0.14573416317529, 0.17820280462718, -0.10316894312309, -0.27021700304156, -0.02390849844602, -0.15268737912486, -0.10022650903857, 0.14900317239651, -0.07973657570034, 0.16775609607786, 0.18920069059686, -0.27873644736515, -0.16772838763074, 0.2797182305471, 0.04348352529139, 0.19939108634644, -0.12663267298208]
[-0.05346987996109, -0.09551501306888, -0.02999036465579, -0.05613150154857, -0.29456897354406, -0.12683335757978, 0.19355130646563, -0.16421025996889, -0.08901229271925, 0.28044940749895, 0.06578086652554, 0.12715883017991, -0.18382193701503, 0.18705149727501, -0.09559742853394, 0.08868063520158, 0.05169679369366, -0.24882652433551, 0.02759347856554, -0.12226772042802, 0.24667793942692, 0.07634824670242, 0.04482308868152, -0.27006423993921, 0.05649520242568, 0.26059690440214, -0.23605961827746, -0.10971717238825, 0.06317516796063, 0.03271584606827, 0.1650219995309, 0.10736767043677]
[0.15621890891453, -0.13862258514911, 0.11358105387936, -0.12697188065611, 0.17301600635961, -0.25590838692492, 0.02548990210992, 0.11232595401287, -0.34716349846606, 0.06755139135943, 0.04621064508029, 0.0130001176464, -0.25739750341338, 0.19338710188995, 0.13091140338101, -0.0962794590838, 0.11091702737577, -0.20786330050743, -0.11561074474526, -0.25115168112108, -0.20624178185091, 0.26931166746777, 0.28945435351175, 0.1104814391735, -0.09390084969604, -0.27889964418657, 0.12626688496969, 0.17952458130822, 0.12932662952092, 0.23068620910094, -0.10266638758403, -0.08112498162518]
[0.11583147454237, -0.19121912872605, 0.28260099123441, 0.2241039627687, 0.0506532542838, 0.01110433603419, 0.030057018192, 0.17520386639714, 0.01909227374748, 0.00217392811485, 0.04095294678263, -0.21332575525546, -0.31940284410018, -0.24509494349536, 0.17056666682837, 0.20512135456142, -0.07341852186464, -0.17579407730637, -0.21978625692722, -0.16906061897761, 0.0852975739342, 0.2786796638684, -0.20584195342588, 0.07308643248912, -0.23377623303233, 0.08154701091466, 0.0507891442457, -0.22708668950962, 0.04138654038, 0.02877678235855, 0.14398869017426, 0.06779516423529]
[0.0534999569058, -0.05229775398672, 0.08646377901175, -0.22032064388, 0.19378387981156, -0.06166429013915, -0.06832974971532, -0.08155828410063, -0.22931953224199, -0.24954215802547, -0.19693126704676, 0.26633431432361, -0.2963277633225, 0.03587728392556, -0.24160279367964, -0.19745288960515, 0.03551991272455, -0.01911788291576, -0.12672329572566, 0.18573127521851, 0.16171590865196, -0.13965810521906, 0.23338108070457, 0.14855440658173, 0.28461251772406, 0.13238711349664, -0.25608293604221, -0.21900066172939, -0.06924861691969, 0.23475328875549, 0.11636433824669, -0.01961023335761]
[0.03666228594697, -0.13896253934685, 0.08218093910335, 0.13571909055039, -0.04704076095038, -0.18481656598078, -0.07023617757416, -0.01626312351842, 0.10510289676766, 0.06002545539816, -0.03704609655267, 0.278306719911, 0.23237896954358, -0.20289719982767, -0.25077651741735, -0.04954845134697, 0.16502093724364, 0.04722281791945, 0.22803996069922, 0.21278463299308, 0.01832737470381, 0.18815720610096, -0.1389157193893, 0.27621193465626, -0.1317126292228, -0.04649822198596, 0.02400920708149, -0.19292867802866, 0.29563690155163, -0.23875113124301, 0.03768890834397, 0.02753042089912]
[0.01507424500876, -0.1398323120241, -0.16057209085257, -0.12358194207222, 0.07041769165444, 0.20784640851503, -0.05228918762535, 0.35798744359026, 0.09679209695096, 0.09047824285134, 0.19019972060017, 0.26954576502262, -0.0702590825379, -0.11511412486761, 0.09912378769983, 0.0889098640656, -0.14281365466503, -0.07231940490956, 0.25546769674411, 0.16874479727627, 0.28545240964898, 0.17001539605407, -0.06611771293857, 0.19432651480858, 0.02164416952258, -0.28629119393107, 0.0430346626615, -0.28265376086687, 0.23751842051048, 0.28906965479736, 0.28734865614609, -0.22077880088066]
[0.04238871347302, -0.20664163579743, 0.12374643870721, -0.1909875942105, -0.26747133248219, -0.21949466649234, 0.21559653117298, -0.26293012417194, 0.02710803660014, -0.1705083509325, 0.16311388263001, -0.01343059084884, -0.14330784455661, -0.07341914302451, -0.24210515704425, -0.21009115028354, -0.03668368286437, 0.21007824513466, -0.11406375116783, 0.19113120199112, 0.16587975124505, 0.15661720773535, -0.0289016931473, 0.04859800375705, -0.05862665456349, 0.13833376893896, -0.02667899298059, -0.16235303525097, 0.1715707129676, 0.07197985967216, -0.15424603604471, 0.05400769373904]
[-0.23562095048482, -0.25064641419596, -0.05693710332402, 0.21471525974795, -0.16061245524686, 0.08871620013123, 0.04849106395745, 0.21467593379668, 0.17017179996548, -0.26255884948287, 0.18059540776752, 0.23696705500759, 0.12604717686083, 0.05927839216934, -0.11029465498879, -0.24959276243281, 0.13924305428595, -0.2008728109183, -0.27643122036792, 0.15444689063455, 0.21884021749455, 0.1936290632978, 0.01888500369712, 0.25067974175735, 0.19019953933383, 0.21249428145365, -0.03839222255311, 0.05919403836849, -0.08747804804097, 0.09966118524453, 0.12935481530663, -0.19958475292697]
[-0.21547007535542, 0.15473204189531, -0.09701640801202, -0.12133976908662, 0.10603935040083, -0.18420237851679, -0.1170850935412, -0.10654465462451, -0.23628163221507, 0.24470439293784, 0.20401559493689, 0.23497398075961, -0.11791941511653, -0.1982283023239, -0.08146338429811, -0.0587504991878, -0.10407187002236, 0.12112896403564, 0.00340184609911, -0.25837504384001, -0.21882108905364, -0.1159080410545, 0.07579566315635, 0.17626519129511, -0.08555324863757, 0.12572177860785, -0.26210734815572, -0.19563157946268, -0.11384384102826, 0.03061153454346, -0.23682758266814, -0.02386227051307]
[0.04057887800552, -0.14861489955732, -0.18345057760039, 0.08390875792755, 0.20687830982017, -0.08917498505404, 0.01644625004665, 0.28010867461843, -0.09355229100786, 0.00232781044454, -0.06592282883532, 0.02588602554217, -0.25435229332654, 0.05438165253353, -0.12187232928095, -0.13162213629756, 0.10533445661364, -0.27708876989864, -0.23261242615091, 0.12382276586544, 0.2206038609551, -0.21432983716808, 0.06418689080552, 0.01479267203867, -0.01421174032897, 0.09993698737018, 0.27494712194231, -0.02080451122292, -0.18191838697762, 0.31390510198704, 0.07686307899088, -0.14781402463633]
[-0.04252241751209, -0.21345093697512, 0.28770627887512, 0.06360324412268, -0.07559303992111, 0.22182332025427, -0.19664717813596, 0.00369969979372, -0.00733879130074, 0.26114087011666, 0.15707408013114, -0.02461527734698, 0.19834253367818, 0.11711084198433, 0.0257355318992, -0.01180642274331, 0.05365997462146, 0.21181547687614, -0.1679093500086, -0.04501303145752, -0.17776074832152, -0.03933431720307, 0.02347695808139, 0.1346939400056, 0.26908978356581, -0.19023812234608, 0.2785625975367, 0.02594581693075, -0.14898007448384, -0.06979800424674, -0.27856551343116, -0.05947501461044]
[0.23775655913693, 0.01242684028802, 0.28641486438105, 0.01168842190926, 0.21532169541694, -0.2646069171035, 0.01155477908368, -0.20383368031311, -0.04050365182544, -0.00995548784194, -0.01746320125814, 0.06846462245216, 0.01130175266856, -0.08741986220633, 0.25242850668848, -0.0054265214083, -0.10804763783556, 0.11862749656345, -0.22149436960306, 0.1503926577534, -0.17526865802787, -0.08643325950093, 0.03117034066102, 0.28946273602229, 0.14968611610187, -0.2170943570892, -0.177416985751, -0.23176425077033, -0.22830918774449, -0.06350539195933, -0.23055383013751, 0.04694191453896]
[0.20418149419839, 0.18917339335856, -0.08641387071855, -0.27011974496672, -0.09730591779244, 0.27136050456318, -0.13500701360846, -0.10619609502429, 0.27672949631538, 0.28038055731146, 0.11387021390479, 0.01465470958454, -0.16152405559506, -0.19104701940983, -0.00555739775142, -0.17595375576533, -0.27514060791834, -0.08394545256016, 0.1834015103831, -0.29341272354122, 0.07505404062751, 0.16062981437158, 0.09465118795078, -0.27435043932702, 0.12604949295016, 0.28130408239417, -0.14873467339282, -0.0709184876376, -0.2136348711153, 0.14345313736435, 0.11072835276919, 0.15942378008698]
[-0.26854009167917, -0.10926802557278, 0.1354167282845, -0.14835261572096, -0.11987953531837, 0.19376187664675, -0.1613110046618, -0.05688889773562, -0.20331111305651, -0.29254020560939, 0.09457516241427, 0.04563651363989, -0.2061345838374, -0.20965324247721, 0.03214206895304, -0.03731812226021, 0.14750818142197, 0.22620874607337, -0.02825714426233, 0.1454470947139, 0.27105180818488, 0.01750113753129, -0.09662464940108, 0.11777067454763, -0.25159393936421, 0.04051739750993, -0.21763192713653, -0.12501288317261, 0.00896108238484, -0.21631713081611, -0.03836402903126, 0.19649136253861]
[0.10110508590541, 0.00160853833565, -0.02668868834689, -0.03175768963738, -0.19583094793319, -0.17267691900943, 0.27754749936961, 0.04968127313632, -0.19079084071525, 0.20508129415676, -0.04693198571473, 0.13248005468596, -0.04983406596797, -0.21062864556132, -0.17527529830872, 0.03076705867094, 0.28291006939751, 0.24429549823008, 0.13448429220935, 0.19175801022484, 0.04502330499408, 0.02623881047681, 0.04385642035895, -0.20283528619551, -0.29342254033812, 0.09069080432145, 0.25831725010151, 0.29815053161525, -0.12505762681072, -0.17142844936535, 0.26633627688264, 0.10485111163652]
[-0.11206807867411, -0.24717595241863, 0.14932554493005, 0.24477790810215, 0.26360996734918, -0.03249378629058, -0.11290028145526, -0.14824842031294, -0.03371142626047, -0.23475747482894, -0.07964471927177, 0.03748773876437, 0.07138012858511, -0.18776802617601, 0.06726433556816, 0.22774154839218, 0.24063797609294, 0.07987115239964, -0.18140670709652, -0.27625040988484, -0.09053693586101, 0.08970503717213, 0.23290796588287, 0.06182144365831, -0.07308618775381, -0.27553943683431, -0.04000731941082, 0.23156640925104, 0.23906772864094, 0.1212539839405, -0.25648275553777, -0.19737097523745]
[0.09885042576574, 0.24429775870194, 0.14213428572001, 0.23189618480905, -0.03899960969737, 0.00568846125209, 0.07426466234009, -0.23934215703625, 0.26942061884544, 0.16561594259876, -0.1708100322074, -0.02657875511923, -0.02118505533107, -0.08180308527523, -0.07985322222147, -0.21399253258355, 0.27800516225123, 0.21152157701869, -0.26393553147639, 0.21546465214788, 0.09970124587822, 0.22420597772942, 0.20636860444051, 0.28289508998199, 0.25213465358989, 0.15463726909371, 0.26452784423574, -0.14263836734818, 0.26480380919146, 0.11593741472318, -0.27831192362536, 0.11772096470555]
[-0.07112673655004, 0.26876075219508, 0.13628232123162, -0.26162792120333, 0.17222599022942, 0.28168461598936, 0.0085815062024, 0.04679425563424, -0.03101658573419, -0.17379105244122, 0.07807153951859, 0.03328745645975, -0.16125142846787, 0.22487955357056, 0.25741911500497, -0.00041774448256, 0.221191597087, -0.2052694108797, -0.21360745820402, -0.0371189412906, 0.00041242358916, 0.25918950366349, -0.10570512175098, 0.0867392001833, 0.13015737694129, -0.26101762332061, 0.12890689005316, -0.0133124547958, 0.26121412970244, 0.14393403734269, 0.21791617040211, -0.29244227955414]
[-0.25520621393849, 0.18945342153493, 0.07710042030812, 0.14755970277515, -0.17188983797529, 0.01439167678288, 0.22825130107318, 0.28108326062761, -0.1412137112949, -0.06206280130456, 0.17422909444794, -0.11661016033152, 0.12367847849961, 0.1477935185984, -0.2647414396386, 0.09417957217408, 0.24162714995589, 0.27648493106342, 0.21105207577264, -0.02637756812439, 0.18290682381738, -0.07805476580384, -0.25157619941952, 0.16996930650275, -0.05881338103381, 0.04543502293386, -0.01412275718635, -0.28783770935689, 0.16474634949319, 0.20478775403228, 0.10798185809127, 0.0572167466565]
[-0.0426426385539, -0.2569913118607, 0.17071009728387, 0.02802726853543, -0.02923718234155, 0.21196771944318, -0.18501257303933, 0.23792859625543, -0.04254721618153, 0.22068895900452, -0.05426093483359, 0.27379151349975, -0.07465941889886, 0.11944034569738, -0.07442618393, 0.12722974043439, -0.25923652972732, -0.17286117350639, 0.16030751854962, 0.25278971082096, -0.05666555259636, -0.25199025749993, -0.08241541212569, -0.04897945587289, 0.18832525719441, 0.09035093932029, 0.1919130615857, -0.23448354337598, 0.21761648675159, 0.17202106715518, -0.18442963701286, -0.25069910514899]
[0.21594764208882, -0.11160057518742, 0.09922906425152, 0.16549366101707, 0.00235535288186, -0.27622938763918, 0.06248857021671, -0.07905835595279, -0.04740178523543, 0.23451649555089, 0.17435109698419, 0.02590576833872, -0.15297342072241, -0.16314416399764, -0.03695650022419, 0.21410353027008, -0.12876845235701, 0.14999098017138, -0.23659158871192, 0.02999269208492, -0.27909495957554, 0.11099111213894, 0.24539730684546, 0.0895238792223, 0.11952810814206, 0.14567752345619, 0.29011592968742, 0.25970899475139, 0.16841514779058, 0.21770265073953, 0.03189250557108, -0.13960134296709]
[-0.0129732402428, 0.09887396047171, -0.21739550886505, 0.14691555957073, -0.25141225915853, -0.02769028121363, -0.06214204058179, -0.23142862051285, -0.13565492622246, 0.08334003893709, -0.11560848308519, -0.2424471070514, -0.03227584191997, 0.27825128070341, -0.2814719499728, 0.26172042167665, -0.19875536423265, 0.08672379971942, 0.23399204631781, 0.21531273828036, -0.15007694123616, -0.16153308925165, 0.10028774482821, -0.07744255435428, 0.04037512822941, -0.09711787156674, 0.22542257959699, 0.15379167828642, -0.20019288201847, 0.21747647745498, 0.19200409504797, -0.00012398076275]
[-0.1225991334417, -0.09000289211434, -0.25418556879883, -0.02655345047946, 0.02463519587688, -0.0459517461651, 0.28943935337766, -0.24445390302774, 0.10986827202701, 0.09310915641172, 0.01632882665266, 0.27294294711523, 0.26003397890416, 0.2248454476191, 0.24268084139973, -0.08209891292153, 0.14749488540525, 0.1832310992684, -0.13645074584931, 0.08158943892296, 0.14892630219321, 0.04671900615213, -0.16598827146255, -0.04918931267238, -0.15322181178976, 0.27213515587128, 0.15471492816567, 0.117205462388, -0.20303928221795, 0.10780833040564, -0.20260716899817, 0.05791770487343]
[0.0563470939438, 0.0572919972842, 0.17551727202273, 0.15504154313163, -0.24706865465901, -0.14230308268435, 0.11927381522522, 0.27842028938458, -0.07406739153858, 0.03416270560908, 0.17275408785056, -0.02112423993936, -0.26103148755729, 0.0325387752159, -0.17837819296908, 0.19403535966816, 0.25099263151363, -0.03103924531933, -0.0586302363884, 0.27060149920416, -0.04344143779511, -0.01337741429376, 0.06023190295837, 0.10471029522459, 0.23284834801947, 0.05376145394391, -0.26881065499543, -0.12325066408684, -0.13407327002574, -0.23371999128194, 0.12025372797173, -0.0695871286076]
[0.16583073182762, 0.22645230144878, -0.24558676431904, 0.00133744636919, 0.26386211881917, 0.10360294709314, -0.27719729917249, -0.26639649992251, -0.22768491043121, 0.201329636298, 0.25993136577286, 0.10004532169504, -0.11386298277869, -0.14109803500242, -0.1780221231924, 0.20552676608694, 0.15685475000113, -0.22763577099023, 0.07759907473808, 0.19483086453658, -0.12895272726395, 0.26557686727797, 0.24770485395908, -0.0555448173543, 0.24299580674702, -0.14317743708506, 0.04911878897769, -0.143628911284, -0.25633973927492, 0.01360709253302, -0.26436463396143, -0.12658581670272]
[0.31039319563201, 0.04023489170299, -0.07737437481502, -0.1579923281093, 0.00470173639755, 0.16929067050776, -0.13541032645293, 0.07344548035897, 0.13764171602681, -0.13542163765589, -0.03237105072419, -0.11247129416718, -0.22193204932236, 0.04596221602883, 0.11365613490778, 0.08484021316134, -0.13465590704494, 0.10365584347016, 0.25414037792652, 0.07186593288216, 0.24572802527458, -0.18718875831738, 0.01125711107607, -0.16215573759437, 0.27459083392112, 0.05578038426085, 0.27564460122006, -0.0567458626363, 0.01368178542346, 0.1014011580374, -0.18112176769191, -0.06067580108659]
[-0.17269204340976, 0.23109652365816, -0.20343509401729, 0.19044027609421, 0.12662106989102, 0.2473242034047, -0.01623607803168, -0.15108121059992, -0.19248005400121, -0.27649408110849, 0.229168070246, -0.14372055804237, 0.28872375276629, -0.06670091661093, -0.15199502212915, 0.08428443204925, -0.14883998811562, -0.06605907664546, 0.24578759065755, 0.08795492150721, -0.16301851192916, -0.27330163301727, 0.02733121609508, 0.20349404885605, -0.17552308148116, 0.16809869603455, 0.0048165802062, 0.17292888746807, -0.14433366970719, 0.13350125739468, -0.14210739339855, -0.01883231626617]
[-0.02482450093639, 0.22587298987471, 0.2173236258155, 0.11798582922374, 0.02908231879534, -0.10003162355634, 0.31281113721161, 0.15206105976178, -0.13844771711324, -0.22203935789651, -0.26217523912843, -0.01176369891004, 0.10313841053934, -0.27003841411856, 0.18988136179355, 0.0856674481351, 0.26595999213161, 0.15243594382497, -0.22362523592916, 0.17931752032521, 0.14599857292232, -0.12097216158739, 0.28760664450888, -0.16878624936262, 0.23478785664047, -0.18526605678481, -0.19225218628292, -0.11508978576043, -0.17515622291925, 0.16640536498169, -0.10807292569444, -0.05168205687798]
[-0.29102430779355, -0.28401818170019, 0.20312782913536, 0.13078010260317, -0.28883080667272, 0.08542100242878, -0.09393292083916, 0.10773341520487, 0.17853304184869, 0.05676833140504, -0.01363135282878, 0.18805227301246, 0.15238722694866, 0.08599070706365, -0.19766042306639, -0.19651314341427, 0.02158664410419, 0.32968103885941, 0.18026433410934, -0.2487691802683, -0.13996923472568, -0.15746884805592, -0.10982137504377, -0.21769106968515, -0.08291648363735, -0.06701038637107, 0.07186750241997, 0.03298040881147, -0.12725547687785, -0.10100772071057, -0.05793532276326, 0.21020808573305]
[-0.18911998712661, 0.29083307568439, 0.22367856055671, 0.06393375397788, 0.05152494394773, 0.17428060525949, 0.23156793496476, 0.08236496552646, 0.23494193431091, 0.20571674356284, 0.17568488112163, 0.32625689699331, -0.28768768807467, -0.14933052763057, 0.16688505000547, 0.07414032207918, -0.14587781135759, 0.21486963636871, 0.01173168551307, 0.03572572242368, 0.24884444320982, -0.08490948116935, -0.01893637148562, 0.05417398015441, 0.227031102761, 0.1868472197346, 0.28048440710175, -0.27706395341762, -0.17329412335091, 0.28296432300817, -0.03067144311596, 0.22361380540872]
[0.25669400481762, -0.19446900087305, -0.12646619997741, -0.28083319006729, 0.17970234298596, 0.26046333291795, 0.12444669016239, -0.32154489399902, 0.18839642022517, 0.26889443505091, 0.00992997701202, -0.07311309634166, 0.27332648878433, 0.04533042276778, 0.2482199980246, -0.17773650926624, -0.25820875981285, 0.25506615272798, 0.25517898546759, -0.13238272893539, -0.02000359006801, -0.24133717670704, 0.07600926453431, -0.34352416711644, 0.09590680660649, 0.24353779009923, 0.15966374409334, 0.03112488949665, 0.05866226427244, 0.01893351292746, 0.22912403004489, -0.11224041519197]
[-0.02340562056873, -0.25909946199758, 0.05731794286875, 0.09379113273569, -0.21346355047021, 0.15233472146942, -0.14941406276209, -0.2494256540799, 0.08443610363529, 0.24062446788304, 0.26488155514631, 0.24219360612071, 0.2905848789609, 0.11303586344386, 0.03047741580086, -0.12363620491803, -0.27718029412274, 0.2251649712607, 0.11196227394269, 0.08632726946836, -0.19055679583109, 0.04312482511403, 0.02760771326114, -0.09370799311908, -0.28078158039661, -0.16193480015053, -0.0413791830429, -0.09647949629277, -0.00650159453623, 0.20226632077551, 0.26533043351652, 0.10074514898871]
[-0.21867148627096, -0.19513979874606, 0.16738062944097, -0.23871686252977, -0.12921531454425, -0.17768123347899, 0.25582893294046, -0.17257126218831, -0.04955874933191, 0.2194758814195, -0.18630625675151, 0.0688843851896, 0.06028429303511, -0.01458165078787, -0.13006316042302, 0.16066960387233, 0.06753178936162, -0.09302345204668, -0.12440333745235, 0.01153989042167, -0.05072359879197, -0.17066956079761, 0.24332809309098, -0.25702984314577, 0.28110616134599, -0.10021753859615, -0.11611491812899, -0.26209798037997, 0.11670045929043, -0.09364290592721, 0.00299397761135, 0.10546720001053]
[-0.03253723954293, -0.08322463366408, -0.16804270545179, 0.13474980270325, 0.13488426632798, -0.03294174099215, -0.21987642383178, 0.12354584872236, 0.04740870356997, 0.18323149653669, 0.04111887418839, -0.06587150276752, -0.26243924789979, -0.09643863650332, -0.01979087176577, -0.04030731818141, 0.10859414949746, -0.04723686127149, 0.04156656241532, 0.26123941371163, 0.0094593786087, 0.1324039286594, -0.1521983752889, 0.18670513656357, 0.07496316215371, -0.12851679151559, -0.05525987149677, -0.07977975211278, 0.11069272723448, 0.13138133849968, 0.23000132025794, -0.26706191076354]
[-0.22423316723765, 0.05567436463097, -0.08261450338577, 0.08460102498236, -0.15583727429863, 0.25732613277811, -0.00583765863708, -0.21617402605893, 0.19110102711906, 0.19293220771924, -0.0296672509672, 0.12425780970618, 0.07036629367978, 0.06148925330165, -0.25964951305209, -0.0596769573136, 0.18142073713475, 0.17692087807184, 0.0403972504898, 0.10037039519554, 0.23760917366972, 0.20775139748832, -0.07207164676092, -0.07571447307122, 0.15301373009172, -0.09638251393603, 0.22349221151548, -0.20963562352956, 0.12677232940309, 0.19209850526646, 0.15079388026646, -0.01303744912496]
[-0.05586701944068, 0.09731499004044, 0.22922403388875, 0.24386612042057, 0.2155280775404, -0.12629639478293, 0.28363899127883, -0.26404310864329, -0.04686696265645, -0.17008890809857, 0.17825471596904, -0.18684021195184, -0.03236068284043, 0.0171459025079, 0.0479106429089, -0.24833157483061, -0.03625573103465, -0.15124883261735, -0.22424885442773, 0.15392536590131, -0.01499806800446, 0.05160771698369, 0.01626665834333, 0.16811319810491, 0.04472138385409, -0.27007304397877, 0.0228143279817, -0.23790130167989, -0.21376477447616, 0.2328281458415, -0.17337517757007, 0.23156142907]

[0.19863059084685, 0.1963984050317, -0.09454774477923, 0.03078094926405, -0.07063962725695, 0.14221698777016, 0.08676800411464, 0.05355838156169, 0.04537356367136, 0.14924289026368, 0.17215301926802, 0.12566865496453, 0.22323498143374, -0.22854487869073, 0.26188444240601, 0.18099703106746, -0.23822141373085, 0.13758472685545, -0.23313189880186, -0.12968981617827, 0.16123397451216, -0.16323068472032, -0.27688206459156, 0.16318184184812, 0.07063298700198, -0.02569959558529, -0.11511955367017, 0.12402427840413, 0.11934622885689, 0.22754080558885, -0.05593383412696, 0.14495480100108]
[0.23282758185553, -0.15434691369639, 0.1101603192047, 0.19193534994597, 0.06040464451518, 0.1381909845333, -0.03894700929977, -0.15932429114813, -0.25715172417627, -0.15496224768688, 0.19235323335748, 0.19994328268112, -0.08096161613497, -0.10150605687983, 0.28629110080819, 0.00248620018465, 0.13531331937205, -0.03356441806186, -0.02104809417593, -0.11505027431476, 0.09052034011994, 0.13088018598853, 0.16285210157659, -0.2793427634818, -0.17742875353972, -0.03308700991398, 0.14675415558395, 0.05558737867821, 0.19015174823822, -0.27827539718138, -0.07278409160545, 0.13741839205491]
[0.06446897956938, -0.06551359060503, 0.28559475876431, -0.24208850714217, -0.16174175816349, -0.15141518636127, -0.05333794562277, 0.01147850420071, 0.00120609689169, 0.05072384075719, -0.0865683649674, -0.11504840982287, -0.12615337729005, -0.19486700113786, -0.19364838466811, 0.14323249180225, 0.05769604886136, 0.14705104789841, -0.28085915282753, -0.08571927140898, -0.29929473453002, 0.0415193050625, -0.24275273269331, -0.03016546681324, 0.15167636652346, -0.28612381012864, -0.06847742629547, -0.01687294896793, 0.1011988579832, 0.10396921901399, 0.26641451239527, -0.03474887600755]
[0.21942319295608, -0.18069960478058, 0.05491109081522, 0.24815240869572, -0.14282837343333, -0.28643688782798, -0.30371341502586, 0.00043416616309, 0.29345659680937, 0.01062841643154, 0.10022401886153, 0.19187035049863, 0.28032573628357, 0.26765449862197, -0.15434773769086, -0.15057373691662, -0.30177054343753, 0.18236829192181, 0.03435108581796, 0.21049994571971, -0.34912208379579, 0.02868644578881, 0.14645939326083, -0.19014560687789, -0.18109088230266, -0.06890645308444, 0.2360466533954, 0.2239346235894, -0.19774276847029, -0.13625272628655, 0.17223016284252, 0.22144589803089]
[-0.01313027706738, -0.12066937191607, 0.22471742737322, -0.14508206025363, 0.25577848726356, 0.03271493499581, -0.0306939856365, 0.02989583882381, -0.04939882147301, -0.10291126764601, -0.29905779754195, 0.01236703557279, -0.03980976541784, -0.12162822284657, -0.00081504354123, 0.25961140156969, 0.09100710724709, -0.05943841985407, -0.28529184035924, 0.07382083428786, 0.05734396517472, -0.30450363630525, 0.07067864591711, 0.12425788067996, -0.03022628925134, -0.0548778339932, -0.13314022885171, -0.282248259309, -0.23312574970069, -0.22961899554569, 0.09138738243302, -0.16437102936626]
[-0.16855886745202, 0.16824564964134, 0.28039295432183, 0.30449309564423, -0.07642426355839, -0.11948801023206, -0.24280262275321, -0.29983496211197, 0.19403728645725, -0.02979308149882, -0.21675221087125, -0.19516757784294, -0.18951789380641, -0.18498827566732, -0.05647811684341, 0.08737215402905, 0.17670467196087, -0.0243132931725, 0.2762659725568, -0.20710461805271, 0.11959000026072, -0.07736766812881, 0.14473080684884, -0.13826759278792, 0.02305026443608, -0.20608627404742, -0.08628878474922, 0.20633477270062, 0.23170010717411, -0.001751859088, 0.28253924405572, -0.09532241758547]
[0.207713840797, 0.26666472589192, -0.28916101061072, 0.26374876258195, -0.25408834656432, 0.14191501391734, 0.15168166321186, 0.2497339728967, -0.0077274663039, -0.26371008867792, -0.0482338134665, 0.24958076077621, 0.19587002243857, 0.0105561060013, -0.13197963852404, 0.04847501986777, 0.09181072952374, -0.01917211955979, -0.0567869256324, -0.25119150358009, 0.10553508327989, 0.28612950917239, 0.26749075297569, 0.00198547141268, -0.22055319457275, 0.05061408620978, -0.01760144599594, 0.01058826964629, 0.00573435059186, -0.22597657236243, -0.1186064061327, -0.0685827139239]
[-0.16825644612017, -0.05532514540949, -0.18440456916575, -0.0590089424753, 0.19331209176875, 0.21650386417197, 0.29560870807791, 0.22457952143503, -0.12667572699256, 0.14406680148171, -0.1868071218359, -0.22748777178951, -0.0070570484273, 0.22698164779542, 0.10485953397328, -0.09182932398099, -0.02736872421858, -0.09402182700939, -0.18051251434172, 0.24898353778935, -0.09388386451105, 0.0098057110078, 0.23098282173606, 0.27765724894019, -0.23418291792889, -0.10094114289942, -0.05175692522882, 0.27563062644028, -0.29117629690074, 0.20808496847932, -0.00250331239939, 0.22572458745289]
[-0.0679691515595, 0.26657405411419, -0.01770413595525, 0.17141871579305, -0.20787361235399, 0.29871572909352, 0.0038726752327, 0.13778521745302, 0.30442403785758, -0.00380286354827, 0.19843178083151, 0.01408868346659, 0.30445234578113, 0.03030199033962, -0.08071159797025, -0.02033303243252, -0.14047342514454, -0.2599197400831, 0.06691457129719, 0.21873669028487, 0.13132649720132, 0.08208354247328, 0.12738370057674, 0.24010568585727, 0.27087933157892, -0.03352981070104, 0.3213612949639, -0.19275999545787, 0.09183937781546, 0.14086454784238, -0.26616382061824, 0.14907887320532]
[-0.14830265652044, 0.02906611340794, 0.06345623212782, -0.07617997444508, 0.17603047431244, 0.08474368004043, -0.07957231326746, 0.09063485928672, -0.20705507710739, 0.04360138311027, 0.27712129796137, 0.02127645773183, -0.20292908687213, -0.29925887047651, 0.23655349276388, 0.08201443389877, -0.09004270600135, 0.05016419107049, -0.23373992184907, 0.07735141375336, 0.00073723194918, -0.08554543358623, -0.01211341469712, 0.24232392722945, 0.23197383587015, 0.05826549213481, -0.12951696992511, -0.09127000708108, 0.19605003566702, -0.27590024553193, 0.30570131204492, -0.1513951111257]
[-0.10346820014702, 0.11909868803343, 0.10555774458974, 0.03655017361383, -0.13338679839994, -0.02995379356596, -0.02155923848031, -0.19024830734387, 0.12283795023393, 0.0986325590407, 0.13401446793596, 0.2623693232257, -0.18349636183649, -0.13903774698886, 0.06051925383487, 0.30197753916799, -0.10278722201089, -0.30052432573476, -0.02228008764268, 0.06618775050098, 0.07131607385392, -0.27220656497162, -0.05502559668618, 0.15408111478277, -0.25869145341648, 0.2148643726334, -0.10452363464403, -0.24804296224302, 0.12961614276926, 0.20413118026587, -0.10961083917112, -0.05044298890022]
[0.03939308988279, 0.15049787123531, 0.14846778631472, 0.24543773573029, -0.15105085223075, 0.21291490917793, -0.21141629101449, -0.20209848403073, 0.23763108832949, -0.06903744007545, -0.21531839916946, 0.10234204760393, -0.05871428589313, 0.19418300300684, 0.13233487377657, -0.16190953438381, 0.1663674899637, 0.12342974387337, 0.20371212263605, 0.23061470304346, 0.22912118621527, 0.21346006631151, 0.00162319791933, -0.29858995828989, 0.24295195001663, 0.26493741589361, 0.26936372904155, 0.14769239426266, 0.0311463738747, -0.28396275376557, -0.15699172924991, -0.05166013482574]
[-0.17544525427559, 0.06420582244916, 0.3002393699536, 0.07434158633034, 0.06003523190119, 0.16874375706023, 0.16706492987935, 0.21907642133229, -0.13566178081255, -0.16772643165373, -0.10547535293051, 0.03400015477738, -0.1219766862705, -0.20299904698554, 0.10194200274796, -0.05819541636687, 0.19818550302262, -0.20530613439359, -0.12079859566215, 0.07230979462315, -0.20903949160386, 0.10458565919477, 0.05185815994058, -0.2316609764721, 0.08654449212286, 0.12239381899817, -0.12457362862003, -0.22482292378454, 0.28675706362867, -0.11717247069772, 0.23802233300504, 0.1220200992497]
[-0.30069643567804, -0.1006985138191, 0.02650945098921, -0.03552582610225, 0.04994442695754, 0.16504435537668, -0.00212333184956, -0.26103696649226, 0.0510420021075, 0.01955250057899, -0.07713713346347, 0.02160065697056, 0.22540702820794, -0.23099172324694, 0.02831475586425, -0.14793837130932, -0.26469387233708, -0.24994272510128, -0.12476468067155, -0.25779158636555, -0.10240119763097, -0.09788500316275, 0.22079265998491, 0.07677680229562, -0.04333554416003, 0.01573381228148, 0.03988378208557, -0.04438112911604, 0.15642919047319, -0.01334054525668, 0.05515010146625, -0.20810216204818]
[0.23401952066029, 0.2692238115479, -0.25478043590766, 0.24606217438242, -0.10155791348234, 0.00110169970175, 0.06011220055229, 0.28964727478787, -0.01430834735878, -0.18686242465168, 0.22573255249513, 0.00484549107143, -0.21801255335595, -0.10720602264514, 0.19488888776168, -0.15448082959682, 0.27434230457876, -0.11785952864953, -0.19078702815382, -0.17845665137822, 0.08168122149875, 0.06457565563993, 0.06789236615928, 0.06968242559103, -0.0647698462513, 0.23548256975208, 0.26368415085572, -0.12074593165095, 0.21735112124722, 0.019364003558, 0.15029509302286, -0.06769510915513]
[-0.25131361238238, -0.30454856161734, 0.22767529360529, 0.05743384785185, -0.28688362030111, 0.1866873981721, 0.21811202018878, -0.25991676518312, 0.26030944797065, 0.06764200558817, -0.18749349763594, -0.00221007023604, 0.11792450266282, 0.02167920585743, -0.36540863776041, 0.24535754072941, -0.28576760717156, -0.10273653449659, 0.16475483129614, -0.02142838531798, 0.17093219832324, 0.16397210837013, 0.019927680534, -0.27030330970738, 0.25756860465243, -0.12138316951937, 0.26094282065599, -0.07765571668272, 0.15712406939724, 0.24845972928035, 0.08350195203672, 0.01762923365696]
[0.038115548602, 0.23100244294914, 0.179548555358, 0.21453142293674, 0.23386883841953, 0.2768728118764, 0.21042706903234, -0.03142485373476, -0.27964606590923, 0.14239442801439, 0.04533190979224, -0.26755971952466, 0.08173795146246, 0.06211949382331, -0.19512511815663, 0.29113941983558, -0.22322932573821, 0.00358296479172, -0.00920594733914, -0.00241297906604, 0.13529049656219, -0.03373997795069, -0.03973226874926, -0.07420746033657, 0.27445194694116, 0.30472240819137, -0.0740489438347, -0.30533548869198, 0.12789958005442, 0.12383547924741, -0.2737130692048, -0.12947057815515]
[-0.1255170473689, 0.01700348511064, 0.02318259501144, -0.0618155331761, -0.26880545116415, -0.3166894607333, 0.10725558565823, -0.02006609326916, 0.09293899669501, 0.1430801268643, -0.21800894964254, 0.2179417897193, 0.26353084230962, -0.08097915704472, -0.12153792199746, 0.15798975500165, 0.14826177060646, 0.26332651112222, 0.05673459117822, 0.20501078926206, -0.10043085811576, 0.01012440200578, -0.07752242031806, 0.29642584362152, -0.26793014587221, 0.00896353443936, 0.09100876735648, -0.02417379124535, -0.02560090642701, 0.18333244450143, 0.25947344835698, 0.1386074132956]
[-0.17358025910635, -0.13489785187103, -0.21373029550286, 0.29188684904211, 0.13163948990568, 0.10200360138495, -0.08725493917569, -0.10476106367988, -0.19811782708843, 0.22213882299492, -0.01804877427346, -0.06767298238483, -0.20828335812824, -0.29718491756264, -0.11358200954109, -0.00369986510901, -0.14875469684666, 0.28476146846528, 0.2318482731471, -0.06060987287516, 0.21584558433325, -0.04694809266982, -0.26248782501738, 0.14307256538641, 0.1722487087791, -0.1045785787864, 0.01635388888237, 0.30273869104422, 0.2092914740002, 0.2357305522458, 0.28401021700559, -0.11752505225847]
[0.17391974642928, 0.01355317687133, -0.03816738303009, 0.0172590541089, 0.21259807562414, -0.27152223502187, 0.19717749963144, 0.18357439104227, -0.07893168420357, -0.17747341071746, -0.28848523651206, 0.20779906043789, -0.27664891142985, 0.05156354187264, 0.26572698587456, 0.0915122440672, -0.25635830332492, 0.23620290014515, 0.2319323197808, 0.27130832992151, 0.24258815637225, 0.09659107902896, 0.06093974198159, 0.07881198761352, 0.29001556985521, 0.29463378282677, -0.22250129229057, 0.00890804635368, 0.13602348053908, -0.27518026428326, 0.27667064913569, -0.00657345753756]
[-0.22099813102718, 0.17272815441756, 0.23020939238763, 0.19360041327087, -0.17806016780763, 0.18672161765164, 0.22656475406428, -0.28372240166559, 0.14401948070923, -0.06855527247079, -0.06568615900175, -0.14511799251597, 0.13203052172113, -0.06992761248399, 0.21335576189536, -0.2418214281357, -0.19553347049722, 0.23462207474716, -0.27219500773058, 0.06145100005661, -0.11198636624464, 0.15587998269397, -0.17109714981249, 0.25729027676798, -0.04584768302092, -0.196888231879, -0.18611724269994, -0.22100548305067, 0.23331660644369, -0.03420093739925, -0.08975244960654, -0.02546652612483]
[0.26626975468873, 0.30553773516243, -0.17930466592889, 0.03713041560817, -0.10763905157514, -0.14329198998444, -0.13881288667988, -0.19199647887549, 0.04363741848407, 0.18913641496084, 0.18893768643483, -0.06717716191804, -0.26570207103602, -0.27285801231639, -0.26200703386213, 0.10452563819567, 0.26732991515884, 0.14022383822272, -0.15090271366332, 0.12467372802638, 0.14396874384289, -0.13747685244133, 0.25790137254226, 0.19358397810937, 0.06406090978439, 0.12804594375394, 0.10529448020523, -0.23852101299397, 0.15259498844736, -0.28826338157597, 0.17385434705594, 0.10462726591816]
[0.25034187742907, -0.00457560198228, 0.20279609466824, 0.01313249865079, -0.08657273948106, 0.2179488574408, -0.21669999667438, 0.2244834932623, -0.22576689434554, 0.14917358605849, -0.20022562093447, -0.19786622900372, 0.01661195704036, -0.24074461334187, 0.1686788263301, 0.1471726531037, -0.09405709052895, -0.13537878548582, -0.29768987409218, -0.08574130450431, -0.15148197707568, 0.11211591979356, -0.27817676058523, -0.16192284575391, 0.2508701606383, 0.15161850387705, -0.15162936910771, -0.05226021973949, 0.30599429457504, -0.24645620432128, -0.18225047755992, 0.1482849347059]
[-0.09132499279743, 0.11502874944684, 0.14712917879874, -0.24314576589286, 0.07775622231151, -0.27775824384761, -0.30220464834151, 0.06758510944263, -0.25186551015517, -0.07947478833099, 0.03401921760523, 0.05800938611848, 0.18850898649938, -0.02404381680731, 0.26221444793857, -0.2367518621662, 0.12187759429084, 0.00757465140574, 0.0806378867134, -0.15239056715136, 0.14615574301807, -0.20548004415113, -0.13428171691878, 0.10849355864378, 0.17771795565293, -0.20411242569816, 0.21949864934897, 0.17910998671118, -0.1414244093529, 0.29187098176007, 0.22842418730618, 0.22507865274684]
[-0.13832997567303, -0.18748133927795, 0.11261001433941, -0.04982210139031, -0.09789514412591, 0.1557840516811, -0.06207120586675, -0.29117612443867, 0.22306289385849, -0.10333841420673, 0.12075419833146, -0.00848143817226, 0.15360145564947, 0.07539272535151, 0.08801189306449, -0.26042207716138, -0.07363901849659, 0.15398443804584, -0.11116093489028, -0.07622379878277, -0.21845894887067, 0.17557059901824, -0.22098574063333, 0.28360346437439, 0.16272189740847, -0.30524093288343, 0.04921370639106, 0.13883687983418, -0.22305738569974, -0.20905866784118, -0.24373433981013, 0.01804804344957]
[-0.02240962745359, 0.17232607488142, 0.25699550295941, -0.2108640721633, -0.28465362916692, 0.27306833682137, -0.15733350316083, 0.26223338334316, -0.13416124847092, -0.07641716123841, 0.00803870644557, -0.12837006458205, -0.25072506758366, -0.08105688635705, -0.22656008010836, 0.11505582428764, -0.21970439424333, -0.01086506686489, 0.30555570326182, 0.11683729524838, -0.16615477477591, -0.07168425434219, -0.08524443858292, 0.09925013369338, 0.14580820500564, 0.01880972049651, -0.07671384622976, -0.23973613105475, 0.27353614918997, 0.00862618363983, -0.27047087909517, -0.04058341374886]
[-0.07254996765495, 0.10526840283613, -0.04300299144072, -0.07738255878746, 0.26084718128701, 0.16077677078666, 0.27612874547847, -0.09433531419845, 0.07407423208389, 0.1966441113302, -0.00445615128941, -0.19812229323538, 0.17899770890294, 0.1820761297988, 0.05369027349205, -0.0089039018265, 0.29926632779283, 0.07329472999288, -0.042784843598, -0.24461597562776, 0.14939614102983, 0.00415443016717, 0.25447791590691, 0.20165863796696, -0.13726545943144, 0.18874092789551, -0.29419014334978, -0.05148691180966, -0.16887130717292, -0.16373834892028, 0.14524604679587, -0.28200193624528]
[0.00753875160648, -0.27689392290142, -0.02772027451827, -0.08700779725859, 0.08798862515128, -0.23708779247348, 0.29134200678728, 0.12690114490473, -0.11495515147593, -0.21511987590343, 0.17586070923419, -0.1838916811932, 0.02643539402109, 0.16352177474557, 0.30561819106657, -0.03780342277583, -0.0324145319503, -0.23442856720816, -0.20189914095713, -0.09273238331883, -0.21735442645251, 0.1268210125212, 0.0064754809822, 0.2440020275152, 0.08090504620425, -0.16323049045906, -0.18940293807877, 0.13266008770281, -0.20467775411243, 0.11309147839277, 0.25288153921974, -0.23971487019807]
[0.28215418926284, -0.29116512778228, -0.15888644100644, 0.23051981370108, -0.04794248277053, -0.24226822608246, 0.12775142900017, -0.10667010252872, -0.17806318645158, -0.2419519301956, 0.06252169655009, -0.2503301134528, 0.0170106515815, 0.07071992606347, 0.1846601798646, 0.12010460027856, 0.2489174284245, -0.06655633841927, -0.00058040264242, 0.23249519400867, -0.05319446316344, -0.27433903326521, -0.16439040829159, -0.23192972919593, -0.26713006925529, -0.20228671177759, 0.19482064186362, 0.01984553049222, -0.04960513815215, -0.14066323766758, -0.14596472759803, 0.12228550028328]
[-0.00501403008247, -0.16049007429913, -0.20757973861509, 0.23533429326202, -0.17754969750891, 0.23284952199705, -0.28296108146116, -0.28599388580749, 0.09399919659108, -0.24479814969096, 0.04757044654414, -0.17603737006533, 0.04642703922154, 0.08508954005984, -0.00642507858767, -0.25484366651699, 0.28313594893128, -0.10746075342737, -0.09309917922958, -0.09860492616322, -0.07031894275611, -0.26396384212114, 0.2700729758693, -0.11411356586331, -0.26492367455667, -0.04319744673831, -0.2770536521428, 0.00235020995282, 0.07974104454118, -0.06155717363923, 0.18695687117937, 0.2982449578598]
[0.02505110733513, -0.24175465977135, 0.03795699278793, -0.27531915791291, -0.29988821984564, 0.07219787220695, -0.10250377045251, 0.12846771216907, -0.15980140277548, 0.0679399854378, -0.21638407097419, -0.19235535579679, -0.00246496022372, -0.22443472300906, -0.20484949746117, -0.10991364533744, -0.26495459301118, 0.09993076439679, 0.20540088784278, 0.2942943207513, -0.17517127734924, -0.26226683164945, 0.30392281183308, -0.08997864643811, -0.28848855379268, -0.29438641133812, 0.14687866934144, -0.20902591361818, 0.12147729482826, -0.08582242084117, -0.29165104508427, -0.16488847067107]
[0.03790116062077, -0.2580281400795, 0.12463688176966, 0.17582064855821, -0.21591594729285, -0.12740537638896, 0.19718251151641, -0.1810981720777, 0.1430990025025, -0.09859148183464, 0.03845034378353, 0.14072774391997, -0.13419657261951, 0.14718925538256, 0.15612037831074, 0.26225163876043, 0.26135874351831, 0.11289111741746, 0.20908021661772, -0.19882474429181, -0.12763463560536, 0.1790045862916, -0.22727161972915, 0.08431600246551, -0.15706405909233, -0.05401793599006, -0.24087457406211, 0.04684928438401, -0.26206230474809, -0.20016113494731, -0.25507477106716, -0.05678890798514]

[-0.13315650967068, 0.33764724923037, 0.08790617259462, -0.14576322840556, 0.18443925964594]
[-0.39657884707977, 0.22997852758426, 0.22527971269989, -0.2364280505815, -0.07628848199228]
[-0.0131784876845, -0.12951294179158, -0.25317458615654, -0.28384089136625, 0.10882094723615]
[-0.28730580591882, 0.2993626518927, -0.07847508052955, -0.38097587629973, -0.37717440808624]
[0.12634543647137, 0.21123700557124, -0.08173306624833, 0.00848760300391, 0.06362341339093]
[-0.11698493790424, 0.12520885185881, 0.12605235773325, -0.13262165798704, -0.40433923655542]
[0.09291860981832, 0.23778115039319, -0.34357205301291, 0.27505474464689, 0.31409700429257]
[0.29505625989298, 0.01463971189226, -0.14732693206986, 0.30480420633334, -0.12566946357419]
[-0.24720040606348, 0.38690663574865, 0.38466671487991, 0.21081331707995, -0.18149004067952]
[0.146079706968, -0.16450381471649, 0.01033813703828, 0.06473892451241, -0.3273449138806]
[0.11387632847155, 0.32427647397873, -0.368362084927, -0.17721966382045, -0.30472054886225]
[0.11075973066602, -0.2366802575109, -0.03116310460268, -0.1447668931443, -0.01281925670838]
[0.05881978171717, -0.04353755594661, 0.08229482659082, 0.28605755328573, 0.14286131057281]
[0.04721995520719, -0.28792584958804, -0.28024249982501, 0.03242979745173, -0.36846388746388]
[0.10001393872854, -0.05107257780127, -0.15837418367966, -0.12171222551987, -0.29601638922966]
[0.17224576001728, 0.17311627505137, 0.05842585582109, -0.08004449427752, 0.03581825831211]
[0.35625778368603, 0.16209623337505, -0.00050174572347, -0.07954028169301, -0.35067994113722]
[0.06348163515585, 0.15111135660651, -0.35498453884557, 0.10449624110232, -0.05512904677081]
[0.01591840617289, -0.27979942640858, 0.17186526236839, 0.06911560031965, -0.21581491664038]
[-0.35028478219496, -0.09775970740064, -0.28895537167136, 0.10783825201879, -0.0400726399189]
[0.35805852743136, -0.31012435990784, -0.28981843881301, -0.27625305014301, -0.10360143587636]
[-0.36834487894301, 0.1215003756385, 0.23859084378306, 0.1807199141038, 0.35027236276556]
[-0.27074783148487, 0.30051758674421, 0.04834782429676, 0.06226172665237, -0.34200078721468]
[-0.09950319242194, -0.20335899404885, -0.07686860257772, -0.17086836512296, 0.3809183272538]
[-0.02321884398274, 0.06610286692636, 0.07767950130959, 0.04842624305242, 0.21801762239995]
[0.01264936874653, -0.2621304768853, -0.01398996509408, 0.10326038108929, 0.24100730449813]
[-0.1566746210855, -0.31766042956078, -0.04547113824817, 0.20521356104925, -0.25537917297587]
[0.07335105451157, 0.40992267133427, 0.33136816185402, -0.06413437299219, -0.39463526462163]
[0.36441051655566, -0.38541118337223, 0.12375888330696, -0.18074405002318, -0.01135422178468]
[0.18703303455856, -0.31220745672869, -0.30128540799295, -0.05243314168819, 0.28379220205887]
[0.16715773815157, 0.08184801541897, -0.03425362045715, 0.21135949981039, 0.18647126687611]
[0.28557267164247, 0.111371324695, -0.33858024992613, 0.23072398298414, 0.33438266584582]


[0.01 reward per frame] Best Model in generation 49, with a score of 6.000000 
[0.01329424668685, -0.08817508296235, -0.00845664476485, -0.16775301509389, 0.31658910493977, 0.03848310209938, -0.23816300431547, 0.18523764992451, -0.28208524512767, 0.17072982714098, 0.02657270974331, 0.17431827579053, 0.16640548073459, 0.23582384696675, 0.18162817113606, -0.26837635213055, -0.17551378820768, 0.09058226446655, 0.29005684453931, -0.01386584817758, -0.28474968975058, 0.0291315267692, 0.24597035557139, -0.31869993392223, 0.01248442161114, -0.00137043961169, 0.18256359748478, -0.29365698671042, -0.21855535564451, 0.07360048743218, 0.15814223892071, -0.15708186084397]
[0.21421061378143, 0.08510684752824, -0.12014058348661, 0.05817858813668, -0.00606230332301, 0.29180750540908, 0.18666179510002, -0.18903124758641, -0.08957665157447, -0.15321191350726, 0.21714447835809, 0.23181493004531, 0.22177151165375, -0.26260652802065, -0.05830860558986, 0.14309851996863, -0.05746673768717, 0.05552958405288, -0.00115610598183, -0.18142105425005, -0.16888430437546, 0.08423736075367, 0.06268650933585, 0.1529963034689, 0.05808619989153, 0.0970693610805, -0.25633208166832, -0.11396223764143, -0.24491534248783, -0.0310201897619, 0.04753318672208, -0.21328420141634]
[-0.10098618464776, 0.08243979483563, 0.01988828164438, 0.23049986792588, 0.09147484765675, 0.04661821311078, -0.10085582466507, -0.17211311061423, -0.10023778518576, -0.25940019682819, 0.10252119057745, -0.05285731443196, 0.22064039195931, -0.00262189010067, -0.00751440368018, -0.15690936525701, -0.2750623548761, -0.16449510647031, 0.17159068937343, -0.15117892183436, 0.04996011503596, 0.00332887852953, 0.18038518449956, -0.21715513178543, -0.24774353320887, 0.2088247037308, 0.28445848610325, 0.20902892905086, -0.15138431144097, -0.03111391697576, 0.1648509703583, 0.18223396533884]
[0.26145770924512, -0.04532181469193, 0.16801272093139, 0.02868092204279, -0.13911113401292, -0.17849266820093, -0.27036685961153, 0.16915037955485, -0.10849504663484, -0.10967128388213, 0.10685896196265, -0.1056945569007, -0.28171555009269, 0.06481647656454, -0.08297708952228, 0.04886443386541, 0.01407910269617, 0.19191066951473, -0.18128214357846, 0.1424154932977, -0.21783580749891, -0.03008126805823, -0.04062477444216, 0.26912299052066, 0.28003019219683, -0.29126169714438, 0.21106632013173, -0.19352124366898, 0.00667297689316, 0.18532577492558, 0.07316902268079, -0.13279255666731]
[0.25909006273412, 0.04414014426939, -0.06358868340546, -0.22301962965516, -0.02088535465647, 0.13143676103522, 0.12860671543149, -0.00220870262531, -0.18265739471838, 0.07728946428532, -0.257225145868, -0.08151043984056, -0.18831347527301, -0.17982164263132, -0.15575413935207, 0.15574716786484, -0.06352387894422, 0.21186472927804, -0.14466950750242, 0.00980310884984, 0.25366549476383, 0.19503385589618, -0.21236509170136, -0.1847612697801, -0.21428038560414, 0.14998304546946, 0.04294507112686, 0.03762609270437, -0.07921223679963, 0.05565074607829, 0.26621137828195, 0.16968087768991]
[-0.18945396627612, 0.24811179494912, 0.11865951190761, -0.17030524140549, -0.26411546879686, -0.2552575696292, -0.05181234583639, -0.24292105437993, -0.20419808456264, -0.06649624650712, 0.04124156503034, -0.05951198372676, 0.00640356343287, -0.01074292321512, -0.20105387041771, 0.27070745372686, -0.11562720772607, -0.16002252310951, 0.12234327887933, 0.15142310485049, 0.24798084543751, -0.15189192138427, -0.15159027416028, -0.13322782751286, 0.06661716923658, 0.14380730903592, -0.25538397274862, 0.11045829634963, 0.01139109310153, 0.12549735094399, -0.15927184177588, 0.10880939852478]
[0.03815438426989, 0.03758177154762, -0.02351373088249, -0.21382047114416, 0.20587661230503, 0.23847192707445, -0.25454480010152, 0.02039281319945, -0.23429938502256, 0.28343201245827, 0.06994921278392, 0.04833890399405, 0.12759813674186, -0.15917033331258, -0.19000351952089, 0.27146712854327, -0.00108947065831, 0.13089631984891, -0.05214714717463, -0.10464624793559, -0.01031625012668, 0.05935367554883, -0.17972250336792, 0.02703858745413, -0.11730837225569, -0.17939510613533, 0.26347547135449, 0.14140949698606, -0.11715623097527, 0.14210741973609, -0.23086848347558, 0.14788609523611]
[-0.03917613076881, -0.12670599849084, -0.25144197032961, -0.0295406911917, 0.1810655445423, 0.01823032991055, 0.11216020527421, -0.22128912815844, -0.27185273327407, -0.27854082325604, -0.26857516871146, 0.11026389352114, -0.18571855991965, 0.11480704940338, 0.09619710931331, -0.15822436399409, -0.21794889427979, -0.28493883906894, -0.01567524775751, 0.23076159937407, 0.14410633224031, 0.34504119897144, -0.09468546732087, -0.0152955786662, -0.16764525962889, -0.26393844075522, 0.28274463845918, 0.14191633011526, 0.22682907375593, -0.20622920868676, 0.09174561602374, -0.14281947822799]
[-0.29475624585755, 0.00249901775375, 0.22511555052249, -0.12277424796516, -0.01466537153169, 0.1872034929235, 0.01926623993448, 0.17409537255074, -0.12567290213771, 0.26560678105456, 0.04462674290364, 0.25547503564828, -0.27362874565981, -0.01533297742318, -0.14089460853456, -0.01044576895612, 0.09227359961314, -0.08747010300186, -0.05825953297866, -0.27108347604971, -0.05031891218929, 0.29484427773378, -0.20256947404979, 0.21144256659234, -0.26102894576102, 0.159927662055, -0.15462700185918, -0.19049245175682, -0.1146903546979, -0.2140682839716, -0.08976037450758, 0.10735385666074]
[0.14299243046217, 0.16237944031594, 0.03071628897103, -0.02624480924468, -0.07061928892728, -0.16065834748122, -0.11062423105223, -0.24545914804256, -0.26964993813466, -0.12790768670537, 0.05822662144481, 0.29868755147338, 0.10345713653393, -0.19808521096427, -0.32629395234621, 0.2067521734551, -0.03268062119931, -0.27061370899173, 0.26431503044723, -0.11383723861595, -0.28024750563221, 0.14880763564307, -0.09212038936909, -0.1990177520613, -0.29360033793451, 0.03528824995791, 0.13702832674272, -0.14153188262109, 0.28699348119654, -0.23851112264589, 0.09695266717283, 0.13806415542309]
[-0.24779337186707, -0.28798001997636, 0.04706086025766, -0.17659986394097, -0.06411112841841, -0.1557282668761, -0.00413409968087, -0.04489601719896, 0.06567438463269, 0.11770435464683, -0.20760999471205, -0.17039365807731, 0.06913530624406, 0.16740740910651, -0.22254196901653, -0.16447804176004, 0.10525150287533, -0.08674131395203, -0.01166214638957, -0.00958497267241, 0.09938058806842, -0.05541450288993, 0.0238110615989, -0.18501316351378, 0.26691646678331, 0.12957358630997, -0.28411900746372, -0.22831784418024, -0.16803311467149, -0.01467063593691, 0.09102608297379, 0.1554450833691]
[0.10712447711603, 0.00039042591936, -0.0343167386387, -0.12471602367767, 0.00547373565413, 0.03751725009895, 0.09368369021054, 0.08086225945034, -0.2522517947019, 0.27764542732065, -0.23359212690764, 0.09923102930012, 0.14379918158115, -0.08406012843633, 0.10791173046733, -0.1877690209002, -0.19370870057591, -0.12556805115549, 0.27766733454886, -0.07607949725394, 0.05882984070121, 0.012085438077, -0.09158912989775, 0.23802676117859, 0.08364165027642, -0.26267525582347, -0.15673627421243, -0.19056100262514, 0.03773275738105, 0.20901444953031, -0.13589733437935, -0.10632875997772]
[0.19958753919749, -0.08806558780579, 0.06363724160577, -0.17969215283967, 0.16782527871837, -0.06208887724409, 0.13261393175515, 0.16619631343398, -0.27544243713551, -0.27588923162141, 0.16865115507849, 0.22503923939172, -0.2496358922956, -0.02323278687579, 0.25442638614111, -0.1582226407998, -0.12272444584023, -0.07162029574521, -0.25052983650677, -0.13540684680207, -0.10284935642983, -0.15734391887531, -0.22946860120602, 0.1694696105758, 0.09909698147112, 0.03659377791099, 0.00333378103921, -0.02909224083559, -0.08085867018795, -0.20426547039742, -0.2343898244885, -0.17863063044316]
[-0.22771041420651, -0.02454293054733, 0.06324316679295, -0.09895951125325, -0.16602091080892, -0.21796110290602, -0.18312936943684, -0.10643627055965, 0.12847474640111, 0.25030917265662, 0.08071634156743, -0.17935335473661, 0.21592415854226, -0.1234655997873, 0.1055101038868, 0.08294635788021, -0.21418266650165, 0.23272446962877, 0.17485024092282, -0.27186402747602, -0.28083491295777, 0.17503058133324, -0.17655328739435, -0.22748423401974, 0.09910952632668, -0.0951363972601, -0.00247675889342, -0.04712182560041, -0.11926311979755, 0.27993674049803, 0.1360958120251, -0.12377729792911]
[0.29884507195588, 0.13182152128495, 0.26051121601559, 0.05688661947044, -0.08631219859885, -0.04880601663855, -0.04847871768753, 0.0302082660228, 0.04518826614022, 0.13420285028906, -0.28906291862819, -0.22456499669784, -0.14162123488171, -0.08359721342841, 0.09844566570977, -0.19267029812155, -0.24071031003915, 0.25083251541421, 0.09647307506303, -0.08652666685919, -0.2876904944474, -0.19620131978044, 0.21685246060496, -0.22302305983425, -0.19416753567792, 0.17753545179763, -0.16318836190056, -0.01115448343272, 0.27874500524444, -0.00665281359947, -0.12387697225024, -0.05681939167454]
[-0.25367482133543, 0.26405939330428, 0.00986001423919, 0.16657456593392, 0.0803079265129, 0.20726917686456, -0.12432765567358, 0.23912230523068, -0.15646090692252, -0.0701726822952, 0.00768382385844, 0.27697915766657, 0.100303296396, -0.24165191871536, 0.15714560568135, 0.03316916805679, 0.1838069792592, -0.31131714511246, 0.0870330328649, 0.14914353297773, -0.24158862348836, -0.27543602399518, -0.0159668072228, 0.05239618316004, 0.16036243184799, 0.01999325192977, 0.22816689794651, 0.22744905249912, 0.04208137789843, 0.22255363777333, 0.0821414231232, -0.13086033763013]
[0.15125859643283, 0.03655793306663, -0.2423583190865, -0.14567449842737, 0.2154281469937, 0.10298288047187, 0.18259864176911, -0.04769362479869, -0.02996267810638, -0.00805486210792, 0.014113931585, 0.0856645711222, -0.08858986161391, 0.09609083332476, 0.28049339773257, 0.18856370462955, -0.13576839677226, -0.07098524506759, -0.10445934503816, 0.25662083301262, -0.09566552344319, -0.17170387282274, -0.21880384959212, -0.18970213919007, 0.23502269784609, 0.07183065612341, 0.04842153559183, -0.1486586034647, 0.16583587342922, -0.13241455302445, 0.0225752365731, -0.17330542072527]
[-0.1007515865057, 0.16314956851007, -0.05625780622182, 0.18881646164492, -0.01132161580933, 0.14859670333132, -0.17170998285954, 0.11918750350741, 0.29951912758389, -0.27611116217564, -0.21734932399705, -0.14443863080035, -0.1081548472623, 0.14399795399939, -0.16226248380682, -0.22042829745615, -0.1313279658821, -0.0260260701185, -0.1685065066411, -0.05050314269494, 0.08855200757104, -0.13309664552566, -0.17254459936557, -0.06967015744524, -0.00765564950333, -0.35009122485033, 0.17290411112915, -0.1685881544491, 0.08834238758289, -0.11548871188272, -0.05795320226392, 0.13005502197032]
[0.21102413116136, -0.00771644262019, 0.03554967982388, 0.08615787311642, 0.00713169615166, -0.08440640481112, -0.12770112313339, -0.27241260067681, -0.05172378233939, -0.10010061933678, -0.11849579088382, -0.19954374211379, -0.24050062889759, -0.0029245569572, -0.21727878035641, -0.31253471621313, 0.19264022727759, 0.02410968282136, 0.07185696974185, -0.25717835232695, -0.2773380266076, 0.10793184596819, -0.08224067906737, -0.25144043951832, -0.17304764831433, 0.28196897905291, -0.21004518675138, 0.05288856264035, -0.04071724444014, 0.21084901940042, 0.09030739826341, 0.14500483041357]
[-0.04994590470826, 0.30923990800556, 0.02571182476142, 0.22195219747251, 0.16967191206459, 0.13186132486594, 0.10968138061245, -0.09801949229409, 0.13765166157159, -0.19982050980517, -0.0402904623485, -0.19965685450299, 0.08912860169742, 0.04075414607953, -0.10487727704935, 0.20518111989588, -0.23373356919468, -0.14272477056529, -0.27553382043974, 0.05328926544394, -0.13676964423824, -0.23490851684826, 0.26611396523559, -0.18676361101043, -0.239546378443, -0.09746214330142, 0.0444288626587, -0.24169957250011, 0.12067438969477, -0.23433003053664, 0.03426703390167, -0.20004345655164]
[-0.14961184763901, 0.13120943161291, 0.10207848480544, 0.17420950778691, 0.00093573051411, 0.25207054399392, 0.08133727454141, -0.21922716400307, 0.13302065172065, -0.03200183660563, -0.01149922492057, 0.21588797268817, 0.01070059129884, 0.20750115127516, 0.25572147908243, 0.25229133311102, 0.24390229275572, -0.18887988670863, -0.11292115948928, 0.10803906616521, 0.03114608975852, 0.03283423004448, 0.21646752169012, -0.04196647048323, -0.12404240250241, 0.08793863122111, -0.18301272653042, -0.22054129380554, 0.15055146986647, -0.15269121833269, 0.13269026294638, -0.11943811344402]
[-0.01645793721931, 0.16245596836554, -0.12702559134781, 0.01056286184131, 0.23241912611256, 0.08733952530624, -0.09532561433759, -0.01102082283205, -0.2646838645956, -0.05988544821671, 0.09895326026713, -0.22695435566549, 0.28204490615126, 0.00535188112772, 0.03420415693284, 0.16146483374456, -0.16189647818777, -0.16520105745121, -0.02329818390278, 0.24121014479007, -0.10469494895029, -0.10618522364989, -0.29346345181434, 0.10115116158295, -0.29913273645155, 0.25503925567328, 0.07361790128647, -0.02158004688305, -0.14182335324695, -0.15072981406149, 0.09258470541269, -0.1661410913956]
[-0.27350667378285, -0.14519869303367, 0.04877354091221, -0.11567292480368, -0.20028883250817, 0.13707995482013, 0.00570655516896, 0.18467757460968, -0.20821959539188, 0.06818206635744, -0.2395099422636, 0.22816745896358, -0.25675504192182, 0.05849733552513, -0.11709138440904, 0.13924796785842, -0.1600516925717, 0.15130225817342, -0.0542634075307, 0.12665281260514, 0.28807915102814, -0.18182330894095, -0.23938314750577, 0.05123185642997, 0.14201897514749, 0.01731300681222, -0.03858700789902, -0.11862023282947, -0.0768252734922, -0.16049569725074, -0.20495083050506, 0.13912897498828]
[0.01709613764412, 0.14016150677571, 0.08402317043453, -0.21769109293079, -0.01307037912218, -0.02441756405249, 0.1699556386241, -0.24256056352182, -0.10742953372245, 0.19941455481442, -0.17993385115782, 0.3000172658555, -0.13298884026229, 0.09776458874314, 0.26726406743645, 0.21959780429139, -0.02356026708626, -0.03902092722999, 0.06136386284593, 0.2318294309316, -0.00321451254554, -0.02098493213081, 0.25065386580431, -0.16021258955324, -0.08269797577602, 0.02543176554387, 0.07215440816663, 0.16310141086171, 0.29476365907243, -0.09802637918562, -0.03837325594167, -0.04336307152177]
[-0.21340970199456, 0.05340116103896, 0.09280911896155, -0.14859542617003, -0.0946765097706, 0.14272099759098, -0.04124851911036, 0.13834516636869, 0.21929538261473, -0.26095589751692, 0.20040784628489, 0.00271731506422, 0.12526629806342, -0.2315994472055, -0.06220168092972, 0.20079692615069, -0.01264402784953, 0.18864611500599, -0.14095755082673, 0.20457671492655, -0.22987180687695, 0.16663690068903, 0.13046099805242, -0.26669188834322, -0.12889858175709, 0.09596794410501, 0.17181708866168, 0.01961362864608, 0.23736821108823, 0.10307778236534, -0.13863575310677, 0.06913093842909]
[0.21580520103261, 0.08794106497559, 0.05148370776685, -0.09019081610615, 0.24561520192182, -0.00903705184251, 0.11321126816498, -0.15627500522338, 0.22948130702358, 0.09247341467028, 0.17198180627117, 0.12314077175804, 0.08457035401237, 0.12426860148037, -0.24964362025893, 0.08252790832889, -0.10301199789883, -0.13929589142155, 0.02868771523894, 0.11379015639231, 0.04173160355207, -0.02359143644563, 0.0222346171236, 0.21729172905812, -0.24885349260599, 0.05804530606659, -0.13508410813974, -0.2492158949001, 0.16636454071584, -0.08398955263048, -0.24366633804707, 0.31271852906996]
[0.23040346067717, 0.06490314378562, -0.2313096831829, -0.26605898508772, 0.29149480463622, 0.13656764077522, -0.09028136704985, -0.09851611401832, 0.18063967432374, -0.21559827421617, 0.08343028119793, 0.02509256036048, 0.09474511150542, -0.06853119166581, 0.25119031214563, 0.09539485666581, 0.00199493562012, 0.08086851390389, 0.19614300964824, -0.24558387774814, 0.29400044752431, 0.22434678932457, 0.06621025418005, 0.06026880546252, -0.0224490438392, -0.10533300827733, -0.15314742263835, -0.23634989487907, 0.13803741186552, -0.20883225687505, -0.07142884132923, -0.29071960570584]
[-0.18080357500424, -0.00013286773271, 0.27710135544878, 0.1503803721252, -0.06763768943665, -0.09867326352683, 0.04361703815049, -0.21604384241543, -0.16367966331783, -0.13361788886088, 0.27388472850195, -0.27170132290671, -0.16239603196422, -0.03431515667165, -0.18301145568302, 0.16565156121214, -0.26624567326381, -0.00133874737084, -0.16781932622713, 0.23331443924525, -0.29331914030551, -0.04798999252375, -0.19569000279399, 0.21490018844844, -0.09169224027854, 0.07115444411556, -0.24245515120135, 0.0179849237694, 0.14969944175287, 0.05855887794757, 0.05924342226599, 0.14075676062861]
[0.28610312937734, -0.1199890809385, -0.15469892134814, 0.16392552434906, -0.08830485381443, -0.21192578807715, 0.2456333212323, 0.18194079254014, -0.25915627526542, -0.00574291901783, -0.20152808221794, 0.1576522328629, -0.05516143198252, 0.2204272472468, -0.1010214344196, -0.05884748595807, -0.05325216797754, 0.09586405765152, -0.22916807211849, 0.02014005061335, -0.1629513556598, -0.20088714099429, -0.17507303120027, -0.03521855808458, 0.19159312869747, -0.0638140744843, -0.11445201554482, 0.0202625337169, -0.02106103561129, -0.25196526677749, 0.16480565554867, -0.0600320332836]
[0.27545765222727, -0.0718283064688, -0.01412479133694, -0.02574420244341, -0.13164034874072, -0.1975206943712, -0.09518006242045, -0.21731256723458, 0.08887910772376, -0.28189869245217, -0.22873924664399, -0.0739832261605, -0.2339255587109, 0.1373563437964, -0.06273104639312, 0.19676904744918, 0.26829297683649, 0.19614958686515, -0.18954834822532, -0.08083629365696, 0.13681669459661, -0.12600993575739, -0.16439468818972, -0.23282637408332, 0.115278195453, -0.27968047644047, -0.04822103358037, 0.02552526263036, -0.18118419161836, 0.05513518847957, 0.25376535459064, -0.092480574167]
[-0.0342337419292, -0.13792747037362, -0.15342023918547, 0.06294587966674, -0.09612426555915, -0.06672690679108, 0.15277351045604, -0.25171070337359, 0.20976406476714, -0.20109722103519, -0.19094792299844, 0.12376586623276, 0.12662670371095, 0.03385111105956, 0.20613153031536, 0.12513934601136, -0.22341740368448, -0.1814677076554, 0.25575646511904, -0.03657652735665, -0.09485406201575, 0.05211176858141, 0.26529719619354, 0.24326229986024, 0.20125024585889, -0.23620499214978, -0.14068857909941, 0.13326157545599, 0.17709796590466, 0.09109760395552, -0.16071198331558, -0.13981049190641]
[0.0023780457083, -0.09660468571696, 0.27321853772229, 0.08510264352803, -0.03824332932954, 0.05701165592633, 0.24147670759697, -0.12187661165006, 0.27397761307689, 0.07238129072568, 0.11060262430077, -0.12856214024192, 0.14352993317374, -0.12837220093932, -0.29808171747529, 0.16042484570374, -0.02293571356892, 0.16500601897416, 0.13369212798615, -0.26280873414557, 0.15877595405083, -0.2895311107648, 0.01041717430433, 0.02985384903019, -0.22966281522016, -0.28128897692865, -0.12430479853725, 0.06127728395061, -0.12332759040805, 0.09222182028805, 0.09358821934571, 0.14243580350007]
[-0.23619994239715, 0.14688144609075, 0.18166165251058, -0.08422449349168, -0.07757117263522, 0.21637811638144, 0.15500194412059, -0.07163969951603, 0.08049631868283, -0.18835654625473, 0.24144465869931, -0.1178552665425, -0.08946720383957, 0.36443398564518, -0.17672819501345, -0.1315755045982, -0.16953068189449, 0.25239938176766, -0.21158111548194, 0.22332478410879, 0.16461242267833, -0.01995341412442, 0.02581410212279, 0.03840603626162, -0.29350304489454, 0.17593719930776, -0.08538053579845, -0.25908073955138, -0.01256418442458, -0.07670664241582, -0.18498376068072, -0.06736310013993]
[-0.05256154975509, 0.14283182180476, -0.01273121568906, -0.11538016910946, -0.19403135525295, -0.16214050045373, 0.03683275219037, -0.18633157597897, -0.09263421331789, 0.24205122073225, -0.08712860646723, -0.06906080102435, -0.10899891443859, -0.19370013414942, -0.10723761339925, 0.25795768339942, 0.0604021637937, 0.01029348852085, -0.19061417232475, -0.18819769930453, 0.0718308149311, 0.00524034511365, -0.27636028002338, -0.04116021950738, -0.23544763686104, -0.09218858579293, -0.1817811948303, -0.28336511306887, 0.26926618211726, -0.12549583752746, -0.14703405952231, -0.1957587209188]
[0.11462246717069, -0.21463435084258, 0.2431462688603, 0.18565653626197, -0.01171522505513, -0.08534601850413, 0.09538665336333, -0.12168441431901, 0.09379654405396, 0.20628889215611, 0.05814416456021, 0.05133341590702, -0.28168258439443, -0.20794605430213, 0.25451578385035, 0.21646389998006, 0.23944266560284, 0.03643366876953, -0.01896709562644, 0.1013329993351, 0.04786190430717, -0.00125275535918, -0.26490788190535, -0.21824640770108, -0.18635420683534, -0.08623528449371, -0.11234173566016, 0.07512191744364, 0.10096276447701, -0.11100977255557, -0.039139573185, -0.18929846694502]
[-0.03764695795709, -0.1770677220118, 0.13589394156357, 0.26926289481552, 0.28100448951592, 0.13087783034088, -0.01208322095352, -0.10083408784923, 0.24332747477125, -0.19139371914749, 0.07531441402729, 0.20740949226047, 0.12974082207184, -0.12650677861658, -0.21718295047435, -0.08229021770164, 0.02471043784362, -0.16933571925832, -0.29326823272764, 0.03378115523563, 0.05581334739466, -0.19259370318691, -0.1990464577958, -0.21130240555648, -0.25742456953593, -0.02466367392377, 0.27441848476229, 0.08109762980419, -0.16531151518741, 0.01301468387573, -0.25444978609094, -0.00957187110351]
[0.09310824876763, -0.05721243360641, 0.22431343247772, 0.14892432526914, -0.00412513039718, 0.04562298139898, -0.05453347776704, -0.1434708787873, 0.27878845601426, 0.11740908198578, -0.28863199060668, 0.17804661263948, 0.18973258309891, -0.22192578774535, 0.22630987678233, -0.21445336583042, -0.12884742592945, -0.09672515704385, 0.05067112849277, 0.1147885228679, -0.09213112031145, 0.22545865310794, 0.27815130861385, 0.11508426595803, -0.05831500421983, -0.05998021539294, 0.0431350741331, -0.01882099901081, 0.17185324638853, -0.14844365249675, 0.22683388158305, -0.26700680355741]

[0.0837827953163, 0.17418957807172, -0.2445627996183, 0.13863947751274, 0.15434697072981, 0.05658447280537, -0.1476805810147, -0.23608131215839, 0.23486359070481, 0.32384932943495, 0.0046166671325, 0.17865682624595, 0.07382660048749, 0.12373557180327, 0.2343496669828, 0.27318154701297, -0.01174077162572, 0.2999431188808, 0.10567292943632, 0.00467447440932, 0.02470900343848, -0.04766844942328, 0.02354505158069, 0.0763166244752, 0.12970533482579, 0.06586163048971, 0.22748722108208, 0.25873237593104, -0.07808058044533, -0.20051873121218, 0.10474172487025, -0.09267663767307]
[0.02304902300207, 0.03620528522043, 0.0988822997537, 0.15681523901365, 0.28285831618638, 0.08384087913471, 0.06793741190267, 0.24141951282481, -0.28533121203779, 0.12542220808218, 0.22473917130122, 0.19912078110947, 0.16021958884637, 0.2874811066685, -0.23525361937457, 0.29113841300587, -0.28034808898468, 0.00864250396865, -0.05366477326998, 0.08296954296521, -0.058330804893, -0.26420879417326, 0.02449743904578, 0.27776410208009, 0.24513226215956, 0.08719223760641, 0.20679089362524, -0.28921296899292, 0.0043024908612, -0.08488040618852, -0.31882078433193, -0.00709600945224]
[0.00645701140422, 0.19194227551519, -0.28997918030067, -0.06126374216724, 0.30293182716751, -0.12069847651221, 0.04257458719999, -0.2403929949413, 0.02279704228165, -0.16242864100356, 0.13499415954487, -0.23088163838711, 0.16592336490814, -0.02031972104075, 0.16816794223727, 0.13250476889408, -0.12651141146116, 0.07696453922422, 0.17726196459143, -0.17496364472178, -0.13789299438027, 0.10060647363852, 0.08654212167288, -0.00377570963279, -0.20319088808045, -0.00658583663135, -0.28014886125418, 0.10537516373388, -0.02057723620671, 0.22720183965125, -0.06052083979557, -0.07602849149628]
[-0.22262611648248, -0.28009611372921, -0.0574999500346, -0.00318651746261, -0.06555781059473, 0.14864276172219, -0.22141327783598, 0.18612307541538, -0.03505174604708, 0.11870893329995, 0.02464244116003, -0.06232973326469, -0.08672074674878, 0.02372362729823, 0.07509518853501, -0.13091026806515, 0.30976955594511, 0.03125656245079, -0.2380143648739, -0.24684452851189, 0.22784420542237, -0.09050376924316, 0.29731906680185, 0.27991828486445, -0.01938900009169, 0.08315137623316, -0.20448558062698, -0.2272555377554, 0.09086691364518, 0.12962962765306, -0.06964340253257, 0.06958984763329]
[-0.19766242022431, 0.25411499318868, 0.13092140378081, -0.27106601754183, -0.27064998369179, 0.09640467384778, 0.16532020333577, 0.22271980544524, 0.03417338066656, 0.29847273596419, -0.29340002174331, 0.28151848399848, -0.156367046189, -0.13297303508603, 0.10113472277139, -0.00663012883705, -0.2652885231799, 0.10812827376747, -0.1293147258347, -0.15827397109618, 0.04263783887188, -0.17836131920854, 0.17234518366603, -0.18090892709174, -0.25829620687267, 0.11433036573203, 0.26857587915147, -0.25619830698133, -0.23057002530325, -0.22356241116341, -0.2165177452246, -0.14751813096702]
[-0.20308647919691, 0.12409258049406, -0.28058755338427, -0.21097608208487, 0.14848350847062, 0.10127444523207, -0.04752129383532, 0.27942911753639, -0.21079064606088, -0.13918451960422, 0.18606534880939, 0.10833058710863, 0.03068587296179, -0.11677388210092, 0.16108163331366, -0.2532508276106, -0.32536905031983, 0.28220317377975, -0.22413793305843, -0.00289859903636, 0.0856494735327, -0.0804396623568, 0.27592882771674, -0.11906364546481, 0.09192692034647, 0.16256691391455, 0.16544494778055, 0.34881696252715, 0.23700524826679, 0.24034707946742, 0.02172571969971, 0.01317345113905]
[-0.27613357749149, -0.06338835875274, -0.14669031894049, 0.20637124687443, -0.25360068996102, -0.1359089033201, 0.05064894604309, -0.02203795085853, -0.30125965503512, 0.02638907095638, 0.20767684912546, 0.2519633732621, -0.27118347754774, -0.08710816830867, -0.25730339611113, 0.16145845620567, 0.24902162353978, -0.00022852958101, -0.27096146776718, -0.24590684802775, 0.12795855934883, 0.08696110541436, -0.0526707920945, -0.06232287734659, 0.14605380209738, 0.1666785080623, 0.03288682245117, 0.07009741651224, 0.1367088789822, 0.15287323882213, -0.30205560673214, 0.12821651622541]
[0.19188014392057, -0.15335509147522, -0.11529801085065, -0.22105511853919, 0.24599663340556, -0.14260170283871, 0.27294915151804, 0.15328348168162, 0.02767141625307, 0.15342160478373, -0.30401570675858, 0.23206794003782, 0.18874072865381, -0.29149086803816, -0.01927840743353, 0.28440665061459, -0.17896874646167, 0.22842490263193, -0.29751561244403, 0.21246974557045, -0.07769725967134, 0.08479454116138, -0.31208388736493, 0.28607675469103, 0.14122031522441, -0.01732417375283, -0.12100654313179, -0.0915237082967, 0.2711116082561, 0.17718935126254, -0.27643519937656, -0.02375692587328]
[-0.23124248381565, -0.20940522953202, 0.09278480520406, -0.25418528850685, -0.08574646228464, -0.10769902120194, 0.0474302020069, -0.14067884801435, 0.14787656562514, -0.0120622554404, -0.0411959963188, -0.02352493288349, 0.03343230003666, -0.2914647544981, -0.00368223262137, 0.26291239233415, -0.0368090326289, 0.17806141211164, 0.25977899011855, -0.08206282846425, -0.05132101574105, -0.09366286959948, -0.07174480048788, -0.02734904322013, 0.31071734715588, 0.06084387201253, -0.27609459121052, 0.17681126635117, -0.09074382649309, -0.08180065227927, -0.22006051546761, -0.11572142696858]
[-0.11340341689216, -0.27970710417046, 0.13786019843026, -0.19803177405231, 0.30659199292084, -0.24535069417303, -0.02995393743726, 0.00792163341634, -0.23026761453261, 0.10087265765327, -0.24821219239274, -0.23401909838989, -0.26345038407899, -0.00591499323249, 0.12862085119416, -0.29546796371786, 0.30386965650612, 0.05834675837317, -0.19017186788446, 0.26961478308811, -0.30800611040595, 0.02296334319454, -0.28703427610722, -0.08687946034959, 0.22538531223353, 0.17536961867469, 0.28012271746733, -0.07882382727034, 0.02419976734512, 0.02537520866776, 0.20137865756985, 0.08371893401637]
[0.01600580152348, 0.29665888664116, 0.01424271253876, 0.28225891643139, -0.19795637029621, -0.21684861052302, 0.11877047959658, 0.06727400126925, -0.18884771219101, 0.1997614153334, 0.14323242151345, -0.23524441215304, 0.25857911531425, 0.28945762917625, -0.04826915113609, 0.26510420452964, -0.10445951027715, 0.10345761214115, -0.13830220463942, 0.10270367022789, -0.03450422522079, -0.05955378736055, 0.01112459987959, 0.25011827063048, -0.13463546565271, 0.27246835224472, -0.05612833359975, 0.30097351098384, -0.01176458115374, 0.19762917268888, 0.09552659705749, -0.08864557254159]
[0.19398485470764, -0.28250665558376, -0.0805690691085, -0.29362386922294, -0.22901639530902, 0.06872968275921, -0.05998689539745, -0.12044494776322, -0.09333385998105, -0.02525716813802, -0.25375330710074, -0.22540680578209, 0.19232049837234, -0.15507889251573, -0.02128103751614, -0.27980166111422, -0.14477723986714, 0.07721493834602, 0.04134008298735, 0.25633417421788, 0.13628645203915, -0.19971701439026, -0.17533343723956, 0.12000313472661, -0.12469770386898, -0.15714514177996, -0.26547701486665, 0.22275238418252, 0.26700973963105, 0.06736922647173, 0.0685425119376, -0.25241279226762]
[-0.22931109056721, 0.28154038004727, -0.20363098876748, 0.2139355400219, -0.18020930514428, -0.16268424676393, -0.23736698020531, -0.25128425434759, 0.20720688100851, -0.24476664210317, -0.2655486316118, 0.22724313176282, -0.19696153586932, 0.17228371804743, -0.30045990027541, 0.29947057413352, 0.12852972315166, 0.01550176187046, -0.22582969527427, -0.08371352110031, 0.29576965307061, -0.03189391378047, 0.03930699153601, 0.14796717743071, -0.01271569452099, -0.17440871225377, 0.00279521297541, 0.24751626437892, 0.06883998403028, 0.02962762878019, -0.14018758351685, 0.15222679432075]
[-0.29719680481817, 0.16667504143721, 0.06903788066051, 0.24701629508148, 0.25635064608665, -0.07921080920898, 0.29348544153231, -0.29667164869544, -0.19281896575755, 0.26970497248502, 0.08400250986306, -0.10203812612355, 0.23966063779225, -0.25285277668118, -0.27938245154757, 0.08671810143109, -0.27883985191936, -0.24953114455611, -0.12171867637331, 0.11061780055989, 0.15693127954234, -0.21171510838434, -0.23184908568435, 0.15545441549008, 0.04353984456629, -0.09950540567431, 0.13619708283, -0.25839830737889, -0.07835859520427, 0.2846139647642, 0.27494698914893, 0.20233682657374]
[0.08126973751205, 0.10304085637433, 0.24180477709922, 0.05497196410999, -0.1606857820376, -0.16785909229063, 0.25911851889057, 0.0092923519663, -0.15700176984653, -0.02220499524057, 0.23508922637747, -0.15791740175295, 0.26693645341067, -0.23639614727655, 0.22828904615275, -0.16346965797229, 0.138183330937, 0.18440396973716, 0.20754484324449, 0.02930391247121, 0.28253148371678, -0.11278699747717, 0.27616751136989, 0.08941755514429, -0.26867805961248, 0.06112888637365, 0.15104778596773, -0.13182712327929, -0.1415266672653, 0.19735007128381, -0.03075896809384, -0.23992479638404]
[0.03868706224848, 0.08253349820792, -0.11079531810563, -0.23429707570261, 0.19721749766629, 0.16416317335668, -0.18138110013328, -0.21494733558066, 0.22017770201165, -0.01477120437869, 0.28381646966673, -0.02226501426791, 0.21326775983899, 0.05388679378689, -0.18533487614127, 0.23969204182041, -0.13640847624556, 0.21020930906291, -0.09958373455714, 0.0661319753572, 0.11112799843536, 0.05807319060138, 0.03426353235791, 0.20437976086172, -0.15813647263828, -0.30189365810509, 0.27603750572439, -0.208749736323, 0.17424341415624, -0.17718296486601, 0.2951575163149, 0.19644877370927]
[0.11059346477461, 0.05476110118728, 0.08622837480272, -0.0968672728577, 0.16525817376878, -0.24812455988538, -0.12139027572939, -0.25971543660155, 0.21563473567692, 0.06289816641521, 0.2985395043864, 0.29757173774502, -0.29419776742463, -0.05466874943912, -0.11725473501949, 0.00404289329201, 0.22908325406585, 0.18574248066964, -0.18633691952173, 0.12066824227104, -0.1146829098665, 0.17875055098718, 0.07154910744198, -0.13775712520878, -0.15619460492202, 0.10800782507468, 0.11136884457553, -0.01048331005528, -0.21377927530224, -0.26863834643073, -0.0903358419104, 0.05975937371116]
[0.14771115441508, 0.2557642197892, -0.00709223830098, 0.28352475615828, -0.13866481351546, -0.18974945225514, -0.13750688268973, -0.06497566267516, 0.15311127416844, -0.12598651388837, 0.07766474321108, 0.0398780832088, 0.14062825641325, -0.10962702933435, -0.25366187967456, 0.08925835595673, -0.05568803761271, -0.04761199391754, 0.20866430807359, 0.11982112457883, 0.13993828166979, 0.28764124391149, -0.06227060035038, -0.010364697774, -0.10940762900074, -0.10702182695187, 0.05115596269875, 0.1994117478338, 0.18491449000375, -0.23502863575031, -0.00376587712894, -0.00124933385677]
[-0.20997296235453, 0.12961967057265, 0.05676737916432, 0.13928280909349, -0.00896219381493, 0.01709667232593, -0.31724523141223, -0.20222307306897, 0.04469043766118, -0.25411675692209, 0.1229548830663, -0.09510548822573, -0.15782486489766, 0.011260142224, 0.05353889599444, -0.04793875110811, 0.1684483843352, -0.2304105319686, -0.09770637781771, -0.20871299104267, 0.09671936054627, -0.21871831948468, -0.07264912722034, 0.23674022848734, 0.10776294051736, -0.12730113704935, -0.13800580213302, 0.22584392996314, 0.26227091367439, 0.00420357551939, 0.02636688297291, 0.09769375256412]
[0.00257761796443, 0.27852109980489, -0.27775372704527, -0.18862751065782, -0.11501424737477, 0.14831630369444, -0.00723987442892, -0.16897099223681, -0.06173042097209, -0.14567106868473, -0.02194184916528, 0.03137291208381, -0.16653521361653, 0.12563193092906, 0.01281340707828, -0.13442466254428, 0.17699821672149, 0.30078637680664, -0.27111120974034, -0.24560922376404, 0.11191641517673, 0.18276956075727, -0.13378132657425, 0.01693596264531, 0.11105360656455, -0.15858839838809, -0.28066994852141, 0.23065269907923, 0.02395277909276, -0.10683139183035, 0.06748529130925, 0.14466324887364]
[0.12887247685697, 0.088851857843, -0.19387511529181, 0.13279408886126, -0.0329411486139, 0.06316443148164, -0.1336124195523, 0.23573777837335, 0.08176875266667, 0.17040753324477, 0.04297085237922, -0.13028809955102, 0.13097404933084, 0.16619961163598, 0.28964465910028, -0.09380409662043, 0.27706875922231, -0.19416116024485, -0.13172467125836, 0.16469309069894, -0.29811732624295, -0.03759725432153, 0.13599057584228, 0.01356090616456, -0.08739658791105, 0.277843343656, -0.24787110057413, -0.20988142204601, 0.0299114395733, -0.18721695951997, -0.27530369255205, 0.03079838591008]
[0.29676305817443, -0.17257678359214, -0.29091378193842, 0.2405833320345, -0.12167554948139, -0.1485038174498, -0.06986532923656, 0.17242475465838, -0.03548387251925, -0.1536401882805, 0.21142846394092, 0.10021356378685, 0.24796506297408, 0.19118094576783, 0.25641906985825, -0.110184817139, -0.06954266516914, -0.02879382086105, -0.19572770795109, -0.28853114643413, 0.29993375412189, 0.09023687966476, 0.14323044148813, 0.14266276470436, 0.25870840339677, 0.04305112354256, -0.05189684690733, 0.07104426267265, -0.06389938668236, 0.23742194493671, -0.05298744432425, 0.15345493715645]
[0.0722518164064, -0.22297423496912, -0.09632506467572, -0.03038839885027, -0.21646121842774, -0.19587579927861, -0.17807652151647, -0.26029046745565, -0.25223406767345, 0.24799385619883, -0.01935942082013, -0.33862372134753, 0.24447995827655, 0.02795344576437, 0.01120784245013, 0.20559583898711, -0.30450259713779, -0.08454984241769, 0.09589743953116, -0.09395130871332, -0.16086768832165, -0.07598632414141, 0.16656484635677, 0.13223401984764, 0.22345700583652, 0.30003140281146, -0.23509771884401, -0.29572022841338, 0.25491715290009, 0.27369576998248, -0.30132242584182, 0.22224411354548]
[-0.07556877722998, 0.03880154339266, -0.01892854771471, -0.06409594037998, 0.23503603925533, -0.18429605618403, 0.15094344153705, 0.03424970893276, -0.13526233860846, -0.08495672280031, -0.28782704210769, -0.27246381927619, -0.17914637178669, 0.00304163067283, 0.20394890181442, 0.1851301160964, 0.29854852744291, -0.14622030387306, -0.14403279656093, 0.06025456195603, -0.25420259930082, -0.11392876253698, 0.15787602185355, 0.22069246814338, 0.15885959239992, 0.06838416735565, -0.06808762504068, -0.09202309712026, 0.09716827429994, -0.27842345675542, 0.26342453601934, 0.20787159589071]
[0.17835317732411, 0.02656727530521, -0.09438623027923, 0.11440884335964, 0.10311521994805, -0.12187639769133, 0.21573871864173, 0.0699830885921, 0.03087395068562, 0.16453409972686, -0.11282066591146, 0.22682082471324, 0.18693003611434, 0.15288684645862, -0.25934614453446, -0.14409955215798, -0.2794996046445, 0.07355395875134, -0.2930891260162, -0.10467288353919, -0.19448486091697, 0.24390616817, 0.26229015332247, 0.22562468240308, -0.09828458766506, 0.2427546835987, 0.04609387894477, -0.15180186530155, 0.26432839779756, -0.06800939919121, -0.19385699426334, -0.06595779466493]
[-0.08863385370981, 0.01062894032831, -0.00830896955395, -0.07616781863607, 0.05857232046519, 0.04728325492669, -0.13453774726145, -0.14521797480008, 0.17583149437159, -0.14915769398785, 0.25220758346962, 0.04936499540812, 0.1809294042734, 0.01303684595683, 0.13732740329448, 0.01263302760331, 0.01897325967542, -0.14051879753942, 0.25749969110488, -0.02259952969634, -0.25045190316696, 0.25053122775859, 0.1018508902619, -0.06088386722872, 0.18716177772372, 0.30335870199041, -0.14416890074342, -0.15850654877158, 0.11597517679501, -0.03672254673474, -0.27770346826303, 0.04404837259367]
[-0.14728944148568, 0.24540307872366, 0.03721194198474, -0.15606471753566, -0.27750777205309, -0.01462060321648, -0.25687701987266, 0.16801441065198, 0.10690965934315, 0.24963978154335, 0.12596620790878, 0.01052656427009, 0.09874971474167, 0.27331246739993, 0.29415129014956, 0.03071394526693, 0.19310207939377, 0.24657668503897, 0.21130510766242, 0.14526997415164, -0.11558143522564, 0.07681616281742, -0.30000654486479, 0.06219350135742, 0.10373366586072, -0.01689311673477, 0.2415097281595, 0.06612401234014, -0.07277568876584, -0.11708692381905, 0.2019232131633, 0.09986339408162]
[-0.08197511817183, 0.19684363595544, -0.21969176623229, 0.2694560418903, 0.07965518772551, -0.06298422469784, -0.22029175556506, 0.14557276924832, 0.17119836011434, -0.21312969242926, 0.09857246124374, 0.201560727908, -0.20674208542988, 0.15883066177943, 0.26992408876937, -0.33740747921588, 0.16893166499307, -0.00993841435985, 0.12124586638667, -0.19439848246609, 0.09201395801561, -0.21094231468551, 0.08382248441163, 0.0252281833994, -0.2333436127664, -0.08579429377069, 0.01522612237626, 0.01578377440326, 0.20760812699634, 0.07627027248186, 0.02339586208234, 0.24337511074497]
[0.08458529886915, -0.17658797285064, -0.29567139505786, -0.28624349154534, -0.03982246712012, -0.0539717718006, -0.01297682890876, 0.05411873547746, -0.08845080733302, 0.18032659891902, 0.20308432751763, -0.24771527632754, 0.17887968014511, 0.27709999483632, -0.09885226361039, -0.09889156391376, 0.26048032546228, 0.07652762231597, 0.0556032628783, -0.104716571883, -0.17210206288106, 0.00093269252201, -0.23447126378108, 0.08777100257185, -0.07374882945306, 0.10188894469901, 0.25253604132477, 0.20849213923404, -0.18342869522, -0.30473750988103, 0.21366994298892, 0.02927979950758]
[-0.28261887536095, 0.1875875414317, 0.23943768449529, 0.20513612372578, 0.12762174913095, 0.231597862352, -0.2426996177443, 0.05150848128669, 0.20960475235107, 0.19786412460358, -0.21373365785861, -0.28134693804296, -0.26468795418787, -0.02998213872195, 0.30334577310691, -0.08849187473206, 0.01499053805053, -0.21353846435243, 0.21654477126909, 0.06998754047064, 0.13225425266808, 0.23704601624821, 0.16000906995112, 0.08165789105107, 0.08164930817635, -0.1896341796754, 0.13298727556873, 0.19617476878605, 0.26876245038606, -0.25812213695983, 0.17599035380816, 0.25800456444704]
[0.06751594867416, 0.02662409325869, 0.14664867652331, -0.02382181383204, -0.18307745034171, -0.17010534884751, 0.09341649863943, 0.19524162456456, -0.11918182340535, 0.28748226948115, 0.2768722848529, 0.18377578338263, 0.17818534579657, 0.28366958265536, 0.05537503403806, -0.0019471987762, -0.11804724474929, -0.17310203740485, 0.27527427832151, 0.13128983024592, -0.05197894171631, -0.10565076127287, -0.15332720339274, -0.10553168624924, 0.00359151923127, -0.14588775318063, -0.24428319939154, 0.1771662554572, 0.04328101101701, 0.16266978003152, 0.26015374855304, -0.22015084254544]
[0.24909044176878, 0.1120737417798, -0.14627053585016, 0.02907668564753, -0.11302303636728, 0.22951351452588, -0.11448808941849, 0.30143980286512, -0.13894264371399, -0.34764154073381, 0.24095248620042, -0.24312998418006, 0.03800366174607, -0.09937302940751, 0.12962014552239, 0.24314666885268, 0.06457613488261, -0.22459281982938, 0.02213386121892, 0.18286916052624, -0.21819163367671, -0.01889723366088, 0.14356511522639, 0.0501354418847, -0.32414702293869, 0.2455817779445, -0.10639922913008, 0.17609891362458, 0.034210393044, 0.11386013418982, 0.15339952563261, -0.14849332956607]

[-0.37993327957034, 0.17507193506803, -0.13318630036486, -0.05924982630473, -0.27137228644952]
[-0.04986218407774, -0.14468246516387, -0.0584939640879, -0.27575286011144, 0.12463363742108]
[0.24663702545397, -0.05324403002302, 0.22430982913224, 0.31251963304823, 0.11627515374542]
[-0.19414399868921, 0.05290648600942, 0.13695622436752, -0.28722749494768, -0.00380638345562]
[-0.21741689820832, 0.34757505621304, -0.20496412699952, 0.12067418819928, -0.26479875093874]
[-0.20394923228375, 0.40132669901542, 0.05520988092131, 0.37638831543434, -0.36074617876903]
[-0.31720341870265, 0.3211800176862, -0.01819149023264, 0.10510151714741, 0.19919201426054]
[0.02425752499943, 0.06164343095918, -0.1317721110056, -0.26732061007487, -0.30229632691074]
[-0.11830306200342, -0.14155909033642, -0.26305849749161, 0.02905855901566, 0.29656862739898]
[-0.20825482145167, 0.07607545895319, 0.28164092705265, -0.27205285744296, -0.35159900465986]
[-0.04618273967456, -0.05410983852007, -0.05311841857484, -0.01182144750336, -0.26754888858085]
[-0.13594757639219, 0.36089744205728, 0.13120509760855, 0.28963094132049, -0.40188564877728]
[-0.25343251753736, -0.09760279616249, 0.13254298125923, -0.37352006948894, 0.13241333251766]
[-0.09583192376629, -0.02859574200266, -0.12842347083269, -0.34192118429513, 0.39736341744603]
[-0.16638663577989, 0.33932886755428, 0.00964069531079, -0.20035720738622, -0.12445455296672]
[-0.38487320214483, 0.16050719466122, 0.28071675799102, -0.08138402692228, 0.39904846472868]
[-0.18476719887071, -0.38211082842638, -0.30150476814873, 0.31538310160739, -0.31468815122923]
[0.01237321493908, 0.12385009894352, 0.10442606611616, 0.18117833320129, -0.39179898360075]
[0.31042999899981, -0.00344237122771, -0.05850429127448, -0.36668733753948, 0.15985278208737]
[-0.07460726264065, 0.24892292146294, -0.15386323970781, 0.16547737239948, 0.28648267763806]
[0.33056909669587, -0.09980186373868, -0.19534034321591, 0.33217707109595, -0.11300256925964]
[-0.05344714557134, 0.33347626272539, -0.15000537390007, 0.47627169962841, -0.24672853469575]
[0.09253708529836, -0.12645103693662, -0.35130087459538, 0.26523721997536, -0.06155052930987]
[0.34740580051661, 0.11246323489821, -0.13273817004299, 0.23776281214362, 0.06162609072208]
[0.26151040492723, 0.37957900129102, 0.00388682464319, 0.18041707942508, 0.25461006022687]
[0.38151524910777, -0.39671349297358, 0.01185183536326, 0.03782940741999, -0.28185329337938]
[-0.13602621287576, 0.11033105509201, -0.25396298031425, -0.33513374976028, -0.31779557854556]
[0.29877940559799, -0.24903698132625, -0.36539722330144, 0.38639737446657, 0.22015281225654]
[0.14161517554985, -0.18144032209401, -0.17492265513238, -0.37176075217789, -0.09884059017476]
[0.34677569580101, -0.16779040079955, -0.31776909619175, -0.04973134213886, -0.3658752225924]
[-0.41077353942138, 0.20578351747611, 0.28473432649305, -0.26393369388783, 0.20848764511794]
[-0.22281590269623, -0.18976681575911, -0.1981812839256, 0.07727413425758, -0.23591996434376]


